2632
4533
4841
9017
10203
2675
3888
8023
2718
8100
11484
5808
5787
2680
1498
10162
5404
5894
1290
8245
8059
4629
11883
8793
11685
4535
8100
9355
4528
7254
2354
10086
3605
6663
7017
4630
2796
1467
3433
8504
11620
787
5215
2270
5019
4372
7348
2767
7712
9488
5910
10058
11714
8580
10689
7658
9428
2401
4266
11397
9825
6241
2024
10991
7686
5467
5983
5373
8080
5970
7786
963
4754
4071
6852
2334
8546
847
5044
6125
497
2528
1875
11418
3078
7013
8410
4535
7479
2544
5965
10724
6915
9231
10814
5708
8046
2295
1375
5103
8633
6557
10248
8411
4093
6564
7233
4627
5796
176
7788
3442
3909
4953
6611
11848
5882
635
2793
7907
1183
5194
3872
6697
11017
5699
8934
11490
11169
8414
2940
4978
8220
11488
6998
4836
6168
8044
5160
6498
7829
8249
7282
11584
10349
10879
1994
1145
2577
7179
9763
7378
1378
3122
6327
5178
3689
9187
10966
6451
11667
3412
11051
7210
5549
10750
1223
1313
2936
2853
6925
9263
3816
10575
10873
9501
7775
5911
7118
8785
577
11289
1658
4167
5907
4397
2760
731
1141
1681
8289
10628
5690
2654
1600
8986
32
285
2385
2584
1584
4274
4325
6364
3763
2838
10901
9612
398
7139
11537
9203
11996
1001
11524
10984
7591
8318
10149
10287
2403
9105
4732
10457
10663
1375
5806
2695
2569
4639
5992
10380
9236
1720
2980
7536
9160
530
3931
2000
11087
10569
9511
6435
3223
7326
10099
6264
6705
8841
10018
6331
8101
3497
7257
22
3280
8443
11594
1364
3867
8233
8030
5921
4249
5497
4094
2797
349
10887
3581
4175
341
5709
1669
10278
11399
4190
5693
379
3078
4850
2709
3522
977
3323
1166
3008
40
7223
9288
5126
8492
126
3432
1755
7570
9211
2278
6232
3236
11416
4081
10796
4500
3122
9791
1216
6590
2059
2165
8565
3289
7902
6864
8137
6553
7213
2797
3545
2052
7510
2875
10880
1038
1860
10747
2878
6932
8322
8465
4308
8594
10378
11178
619
7713
3835
5353
3220
9489
1930
848
5930
6782
6351
2919
8371
11762
7936
8876
11654
2263
10460
8184
8519
6615
6205
4586
10382
2994
7632
2418
8677
4603
2689
1180
8944
2416
11375
2262
11558
9492
414
3872
2366
8842
9196
1807
741
10320
8859
766
7212
2006
5997
7090
7294
6521
4878
4169
7439
8897
10123
10206
816
4915
10240
4891
6334
9459
1167
4411
4124
3834
9421
11322
4949
4368
2518
1180
6179
647
9473
4535
2989
1395
2510
7231
2154
8937
10811
5772
1573
243
7766
11401
5849
2542
6349
1083
1307
8288
3169
236
2935
3353
7289
11315
4243
11333
5779
2626
2576
4299
9269
9356
9870
3269
5026
8689
4815
3036
3848
4199
11156
10495
5205
10758
10211
10336
7914
6864
6122
10635
9864
11516
701
6116
2983
10142
4444
8572
7174
3924
4784
11183
828
4175
3604
861
2381
5244
6320
1764
184
1454
896
310
3437
10218
7443
5756
1244
175
10895
6151
10888
1056
9202
8974
2811
6991
4020
1609
9075
3943
360
8457
8058
3670
6561
4082
10515
2709
113
9334
10992
5622
1901
10319
8929
11273
10284
8824
2407
5291
2926
3560
7622
491
10138
9229
11480
9082
9247
3169
1247
1999
6300
3627
6355
1524
5499
469
3353
8304
9303
3269
4788
6706
11679
9467
2037
5174
7027
5766
302
9752
4587
4451
10053
626
3447
10323
4516
3731
10593
11127
10253
3839
7631
2507
2986
9693
8324
3452
9570
1825
9958
8103
9224
2678
8122
1744
46
3399
6283
7260
6391
6538
1482
587
2313
4713
5392
5301
6657
6127
3646
8096
11713
8332
7461
6779
5380
9477
6754
11642
1650
11611
10017
6095
4143
3542
6722
5313
11022
7597
4825
6732
2308
1429
6351
11157
951
9444
1159
9831
436
5792
7483
3631
7679
9609
2307
9136
2117
3744
8087
6020
8718
3603
3757
8081
9839
11494
2364
3779
8539
10975
2209
7243
4025
1965
5822
11892
3537
5942
1472
5917
9921
9948
8986
7000
44
7788
9933
607
11825
4611
8169
4973
10713
6140
7053
2976
5386
3802
5866
11977
2265
6575
2342
6669
2364
7239
4092
11420
701
3764
8896
2603
5099
11670
2368
3056
9771
9734
1990
11450
3595
1568
8059
7946
7287
1611
6310
1425
5125
839
10289
3432
6602
6161
2188
1350
6288
2581
8747
9602
8031
3953
970
8421
2263
6594
10769
5130
5920
2062
4595
3318
1785
9069
11056
2926
1805
3380
187
8217
867
3775
3637
11987
1076
4955
10840
10154
9496
1677
8336
6041
1529
6754
3043
2943
11849
5716
1170
571
8272
10870
9463
6022
4445
10557
974
5133
4061
9675
1233
8010
5066
5784
9787
1918
1946
4607
1358
9005
2265
1794
8559
8470
1041
5083
1807
9613
1573
1793
10437
10358
7965
1011
7799
4640
380
6660
8408
10268
5293
11107
10667
5849
3132
3493
4997
4350
7681
8497
10865
4419
2231
7272
3373
9772
2186
10192
3249
386
5615
1723
5872
7472
11629
5400
9462
11927
8057
7126
4370
9998
11425
5040
3182
2970
9886
1818
9465
1318
5196
10695
4005
6911
8309
2132
3308
1231
9673
4148
7533
11764
266
5112
6997
3707
228
1370
8057
830
3514
6919
864
3896
10139
5000
3485
11521
10804
3531
4697
4491
8063
8755
6063
11415
11672
4696
10001
660
7696
731
7593
4053
5051
6475
2905
2638
11045
493
3652
8555
4225
2060
1765
8685
10305
7517
3101
4226
5985
3149
1227
8608
11134
10185
10035
7805
1861
8874
1345
8046
1381
2459
8070
8602
2886
7144
6977
7386
2035
7909
6010
6480
9139
2680
5703
385
406
5892
8433
3185
683
6130
7313
2265
10670
1694
180
199
2429
10620
6494
3954
10124
8486
2666
4503
10543
5987
5967
3958
9077
3829
863
11171
6804
11710
3945
3785
5087
4464
10974
3745
1140
1936
11057
4491
6513
7046
471
7655
11719
1892
10445
5331
2087
5457
5369
9857
5561
5488
11177
2195
10764
7378
2936
10998
7304
3252
5935
7160
2814
9558
3720
2216
6401
7578
429
4073
2382
757
8351
3762
5638
4597
10227
4197
4380
6767
566
266
3466
10404
1522
10663
3870
11535
8
2206
1810
8814
10077
2787
8729
11050
6546
2296
4373
10660
6251
11144
6182
9214
4209
11996
11453
8868
6546
6077
1198
1717
11974
6599
2020
10002
6445
2789
3406
6785
11252
7535
4183
11230
2871
7997
10484
9791
4384
8871
11158
3746
3085
6939
3039
2358
4272
1945
7825
1443
5168
8846
8706
2487
5036
1867
7308
9005
8032
6466
10528
11388
8384
637
5723
8217
2465
7323
7505
1770
599
7591
8038
11401
1785
9334
8124
10897
5345
11901
2790
9191
335
7213
5658
2056
1677
3724
6277
5771
7662
3857
4217
11763
847
4700
5250
1492
6335
6479
1014
5663
11739
5229
6794
11947
10546
11502
3233
2306
8967
8796
6815
8645
4277
1485
7228
3485
7341
4189
11573
8223
6810
4775
4924
923
7814
863
6703
578
9141
8496
646
1585
3503
45
8454
862
10428
694
8595
10974
1639
3433
8738
2416
11109
3394
8684
10250
6735
3825
4830
11134
7690
1559
9517
1480
1512
956
11239
11831
8711
6031
8293
8533
1368
6587
11293
405
11866
3683
2420
6648
9893
7898
11601
7164
6818
2081
9452
3234
7991
8670
965
6938
3905
11765
9841
8109
2778
10502
2958
6855
10202
4194
6552
11263
8313
619
5461
6180
9170
552
1098
8549
5188
8962
11025
2333
9298
11485
2338
10426
4106
7734
8462
9065
11075
5878
11402
8831
2879
1808
6792
7430
6736
9085
4866
5026
10743
7057
4496
11231
839
7385
11129
4505
5064
11668
11589
10664
8696
619
9937
6918
4331
782
4412
797
3827
3661
7902
8690
2620
7087
601
5832
4814
1299
263
6931
1141
4993
5939
5178
5629
11787
9700
7752
8598
3269
7635
2895
2743
6878
797
4313
6847
4922
10260
1836
3575
8590
1073
3065
6900
2136
8836
2018
3608
5400
2508
6918
11288
3598
10017
11370
88
11985
11599
7333
1394
745
4893
8008
11477
10827
8075
7144
6794
3471
539
3561
8082
3630
1061
11625
7020
7453
9486
8199
7379
3169
10900
4302
10435
8174
5888
6593
8540
11136
9118
5701
4543
2453
3368
2117
9397
3557
10046
1990
3471
5631
9010
7529
4744
385
11424
1910
4551
6387
2107
874
2017
1
11363
8640
2875
8147
1490
9397
5485
9675
1461
7451
5697
2523
9400
92
3963
10336
9594
3849
9715
798
7808
7134
2845
5946
9829
5907
4970
5550
9135
11778
2119
5676
3901
5807
3875
5907
10716
2617
5039
1223
1273
2780
5405
7152
849
9824
7531
5425
11076
6722
8569
34
8327
11101
5525
5357
5145
7317
9080
7202
7822
7104
778
6615
4807
7345
768
2656
1250
10401
3718
11718
9613
8668
3799
1063
1590
9926
1385
939
3102
296
358
7806
7117
9083
2132
10350
8351
6640
11606
10243
1211
249
4012
2870
8292
8183
3478
1455
200
4481
8982
2687
10742
9134
9010
1974
11724
7136
7448
11362
5295
237
6941
7494
9172
4843
5118
9714
8539
4119
5000
11780
9147
6818
3922
603
4056
472
2536
7156
6513
5198
7587
6211
1014
1927
6067
7696
5079
7044
8094
2923
3064
1990
8611
333
3169
3201
4599
1101
3217
5215
4881
4475
3858
10797
8257
476
6151
4838
11962
1891
2242
2234
8049
4393
2643
763
445
2312
4443
5924
9630
6970
4607
4679
10043
8008
4215
4561
11587
11282
4389
10299
9397
219
4867
5232
923
109
502
1750
7281
5328
9183
1627
8804
5570
6032
4574
7989
2516
11612
4246
3644
97
10630
9315
778
5516
187
495
6535
10805
7900
9921
3513
10775
2004
5598
7974
4449
4648
668
1329
3887
4012
7204
6944
9732
2866
4547
8318
8070
3165
3885
9916
10390
10996
2063
7699
6827
11826
560
2661
3434
665
8418
3809
8164
11623
6731
5605
460
9441
8939
10269
6035
11149
11465
3945
11522
8828
5118
5885
11156
4835
3358
6243
301
1034
9214
8155
10970
9469
2630
1890
8230
7745
4053
7024
8247
8577
8811
9851
2883
5094
6136
2809
9938
7525
4190
2915
4305
8370
11813
3702
11472
9234
2171
11475
1049
782
2053
6021
9485
4259
3655
5570
9245
1911
1708
651
5922
3750
8787
5838
2905
346
11542
4683
10014
3673
2136
3539
6660
9112
7978
716
3055
5357
1081
7121
14
10595
9304
3702
760
7975
3686
42
6082
2335
1884
10677
5306
9337
4725
128
10499
7041
10970
5268
9741
7661
809
187
8400
6995
9185
10211
3909
7802
877
865
5889
5677
4299
7186
9999
8524
1271
156
7017
10013
728
6675
11635
6752
10439
8983
2132
3712
2840
7483
5937
11812
7687
3840
9608
1062
7712
5856
10054
4699
10122
1351
1285
10289
1137
9980
4870
10295
6126
7293
1927
11957
1654
11336
10145
4157
11036
11254
8032
7865
9123
865
11775
5220
8805
3303
2848
1941
6329
9831
1574
3477
11908
775
9935
7218
10622
8344
4208
3340
9984
8402
9071
3180
1287
10521
919
3797
1800
8705
10236
10098
5072
5229
3628
7983
5142
1394
2157
5604
4640
9787
8600
6636
2735
1446
6514
11284
10728
8811
8643
10478
5791
3869
7797
4037
418
3177
939
7083
6111
11099
3835
2799
1939
448
6154
1354
5329
1735
386
696
2027
10112
11538
10883
639
4614
2
699
6593
9465
9202
2883
3201
2307
5454
1829
217
11293
816
3237
3414
1290
658
1970
2592
225
11949
9497
6599
8392
1204
7860
10316
3099
7814
512
8265
3052
5908
2924
8702
5637
6672
173
11577
4297
9997
4238
161
1016
10841
9797
7743
145
3796
10817
3882
11986
5547
6911
2317
3994
11222
10396
3287
5584
394
9317
255
11069
2491
1322
4242
6420
1298
7569
3419
8785
10439
6790
4173
2047
5243
9168
10416
6644
9973
11039
10629
8759
5143
66
1048
9890
3004
4789
6145
4546
7056
9463
1463
2267
2444
5849
2994
4649
4172
11571
1307
1761
3471
2960
5522
7606
9067
10794
7996
1815
6410
721
5287
1077
101
6692
2299
5475
2331
8226
11710
662
1326
890
10884
1932
1626
8414
4050
5704
10482
8918
4077
4635
3578
10321
3236
2432
4187
9718
4887
5726
5414
3097
514
4368
3944
7754
5354
512
3398
10567
4450
11631
8982
10609
9018
5618
4793
4156
2117
8375
3641
9023
9702
69
6138
620
10327
6785
1600
10074
7669
9485
3582
4381
8267
8267
3478
9911
1945
4735
146
1896
64
2642
4221
7361
461
5075
4606
5047
8544
9943
4914
8274
10456
11746
3558
11781
8478
1054
2030
4248
1834
4072
4133
833
11317
8714
11393
9009
10844
6082
7186
3114
2669
9186
7287
46
1234
4849
10108
2227
5687
10639
52
11923
2201
181
3440
6432
2189
7899
4569
7093
7083
8051
6575
647
6229
8082
3006
7226
1703
463
8378
7632
477
2788
7512
2108
3099
6098
4136
11733
1757
5249
4946
2438
11836
9540
3436
11874
9146
7003
1749
7701
5610
11410
5841
8021
10655
3975
3778
439
5871
6505
4415
5886
11779
9435
3123
3215
4734
3672
2773
1184
327
1617
11104
3438
7221
946
4846
2702
4279
9122
6070
1979
10013
10761
2526
1582
1606
7468
11903
6188
4934
1939
8884
8121
2132
9740
10814
8778
4366
7241
1752
7864
5705
10084
7697
7152
6681
3874
4779
8744
4408
8629
6479
1036
3831
2300
10955
9686
8991
3078
4266
4668
10818
11571
398
4932
5379
5691
76
2770
1727
10727
4419
1890
854
2269
4475
9808
8858
5914
6230
10484
11987
408
4310
364
8300
1551
10571
10674
5310
7000
887
4333
6198
8172
4608
8675
10693
1835
944
3083
9477
3448
10061
4288
5667
9153
11600
3026
4622
2493
4260
503
1658
7598
11997
351
912
10630
7411
9765
1430
7782
8377
5697
246
1666
9470
11802
2990
7296
3808
2777
11828
2623
6503
9817
4708
5684
7653
5370
11559
3791
3496
1108
5569
4988
2074
7017
3960
1702
10646
8307
10876
9142
3174
6813
10679
889
2621
11950
11826
3039
11086
6335
7105
11104
359
6574
11788
9849
8206
491
9467
6100
10679
9392
5022
8197
11295
1485
5462
433
5928
11681
2435
11338
4145
5765
3019
10101
5424
546
260
11852
10511
9347
9150
4958
737
7877
5776
3220
3967
10026
10653
5424
10180
2605
643
2734
929
496
10912
8460
3677
1906
11041
9990
7085
5660
5704
1146
3596
9338
441
3338
4279
3303
9153
3327
5992
8704
3236
4554
11148
2491
2657
2343
2083
6481
10308
9211
5236
9078
11401
1500
9003
1482
6152
9327
9648
5351
5569
8587
6852
11739
9380
8221
10618
5712
9949
486
2896
4870
539
3679
1289
9282
3900
8541
5257
5759
6999
3598
1516
7427
325
5763
6915
2765
5228
2056
4748
3946
6474
7790
3021
10215
9690
6602
10412
8033
5222
3831
4142
10520
7274
9622
6474
3970
4096
118
8265
3068
10638
10350
3773
8890
2120
10374
4699
10112
4002
10966
5110
5161
11607
9510
8697
9188
10287
4693
9889
11392
8240
6070
5077
2140
8068
7732
5891
352
4547
2454
3512
4010
925
445
4987
8513
4166
5386
294
11430
6782
5724
11234
168
572
600
10143
1398
2742
4449
3181
11535
11376
4039
666
6997
2303
9148
135
9792
3192
3617
2761
3791
7449
11359
4666
3034
9780
849
1113
3203
7668
6367
11556
3946
10861
3462
2833
6367
6437
2515
1540
2387
9976
10318
5679
11143
9996
7155
268
2022
8947
10267
9168
1679
9846
11609
6765
7690
6020
3841
11591
1051
9335
8323
10736
5876
11167
5621
7011
7973
4301
5230
8313
2607
5374
4175
2411
10455
994
1180
9444
2646
104
4456
1410
9964
1128
11919
11114
1876
5292
10076
3045
9523
5436
7659
4730
6666
8965
8041
10377
10476
5829
3063
5154
521
9077
8014
3136
1576
2099
1788
7877
9875
5899
6220
9842
748
7522
4260
4515
4318
2111
4648
8614
2830
1622
1404
6934
3056
10290
6022
9240
9878
9503
3122
10705
8867
4209
6799
226
8254
9620
6966
9793
3490
3313
1067
10293
402
6425
4220
8173
4394
497
11239
3934
6704
187
9721
632
3434
957
624
11747
9641
719
961
10747
162
4486
3926
8069
10526
10329
5295
5837
327
8332
10665
7998
2211
4161
3485
7613
8157
8055
6815
2178
1310
9564
8230
11347
411
1975
4075
8287
9960
1611
11531
7412
3050
9033
5127
6398
6698
8309
1579
2877
9990
5042
4427
10113
2337
557
3752
7749
6491
3971
5842
3653
6459
7216
3592
10557
9960
8405
7228
11263
9975
1061
11538
9745
3391
7436
6470
8257
776
5276
6892
5733
34
9526
11827
7315
10674
6386
8771
6106
5383
4299
7878
5532
1643
10665
7939
712
9621
11596
8773
1688
3323
10385
4122
4260
8100
645
6039
8896
3740
11492
3801
4889
1729
8652
5382
3847
5722
5859
11698
7888
2343
7265
9854
7674
6131
4860
1274
1162
1862
11438
6859
7261
2135
9445
6600
5217
11135
1511
10174
8498
8968
9087
8340
9197
11749
9672
9065
3378
6235
7285
1976
8955
3741
9051
10910
9747
2005
5212
6258
11381
510
7537
7283
450
3215
6067
1696
4766
11410
358
11872
1576
3410
7746
11169
3028
6578
10591
11966
10471
4315
6652
3546
7598
9486
9356
9225
2684
7735
8734
7662
10622
10690
2280
2559
2524
7015
11663
8421
1742
7329
6550
11391
2808
1245
2336
3494
10884
6606
11459
11754
11867
3261
11852
1276
6111
5085
5544
8677
10024
6685
9558
11379
4409
3478
6119
7092
5470
5956
9103
5275
933
3730
10955
2656
5302
8110
654
388
8815
1979
7850
7730
8673
517
3832
4608
7617
2928
8004
11157
8523
1097
3128
3525
8634
4414
8162
1111
5981
10377
4773
9095
9110
1767
7833
7528
9172
3239
1120
8065
7531
10751
7975
4376
4365
3032
8148
2253
2695
7305
10194
9885
11610
5729
791
3911
1429
9086
9326
1642
11212
8890
1957
7277
1527
6533
85
6329
7625
398
3881
11137
6314
11835
558
9698
8052
2169
7446
2565
9511
7117
5320
5089
1737
10600
11175
7261
4285
11865
7037
9075
959
1660
7941
10000
2362
8432
2162
3416
9798
6023
7167
10759
8161
7798
6003
11570
4489
108
11632
4140
9139
8448
4985
5509
171
4803
11134
3980
6024
5012
7909
6644
8427
6546
183
2773
6452
8396
4100
5610
2785
3924
3155
10424
2436
2323
4202
6766
1120
374
2519
3751
6400
581
6009
8140
8628
2260
9134
3351
8585
10099
3961
5267
10243
1952
11631
6271
3321
11932
4863
9649
5102
10491
6396
8151
11559
9045
7752
8696
4462
442
5438
3322
9890
706
10396
10748
3641
11713
8203
8899
11667
3578
10701
6835
7772
2411
3586
4371
6621
294
6455
10867
8159
10335
6572
5865
4990
9313
9695
182
1862
7420
8154
10824
4109
2073
4758
10040
9933
7598
10859
10644
6972
8428
277
2967
2025
9813
4516
9492
10452
10252
4992
4658
8491
10085
7447
10705
11357
6939
6085
6123
6013
8864
4639
1045
9141
6127
3132
3652
8068
93
6528
6093
918
10062
3430
11525
2462
11268
425
711
8978
1106
2191
10932
2435
8623
10643
10452
3992
2247
2477
8826
5670
3019
11424
3334
3598
3623
2656
10629
4755
180
3070
6387
7446
11140
6290
4576
6320
123
3652
11887
2923
11006
4279
9467
9117
2531
882
10421
3683
5928
7019
1609
5590
6783
594
4159
3596
4423
3352
9245
589
9750
2683
3753
9296
8754
10319
6123
6194
4447
10858
2929
8659
2386
1803
4493
9293
3621
10536
7769
7057
7139
11700
6811
9024
3459
10409
3459
4290
4273
55
6257
6471
3431
9
9171
10776
764
2864
8588
3801
8435
2158
6001
7933
10132
385
10765
8838
6263
3179
4676
9720
6108
6778
7956
3672
3384
6680
2999
9670
10154
689
6565
500
7820
7580
11479
9250
11205
9321
1862
11032
1627
262
6866
8191
742
5197
2974
4700
3871
6893
5881
1130
631
5267
7288
10899
2724
1556
3454
5738
7894
6810
10877
2024
6536
6762
10902
2338
3314
6158
8189
1795
3291
3811
2008
4011
3852
9441
3014
3844
4224
6946
8156
4828
1079
8465
2730
7460
9962
10929
11837
9252
6361
10247
6621
11704
8351
11429
5111
3500
10695
11539
6197
8911
11672
508
9704
5719
7724
11378
9512
5713
9246
10591
8722
5698
706
2378
5168
4031
9710
4546
1911
3366
3446
7082
11562
2712
7830
8449
6267
851
3976
3277
2994
8719
757
3011
3462
4053
10248
6773
3464
2039
2814
10264
8063
8336
6234
4945
9741
11769
597
3228
8113
4965
4274
5849
3366
314
10928
11252
9897
11181
11608
9102
6359
2648
9558
5805
3765
10842
4389
11645
3657
9707
3587
7745
4166
6106
5732
11802
7813
5446
8578
6419
6926
9013
6737
8583
9174
11412
9937
1135
2179
10156
8989
8012
3466
829
2560
1549
8537
2202
5159
2558
4081
960
4817
8717
7627
7188
3139
2746
3772
6489
9497
3674
595
6346
7127
5512
9119
7514
4669
6025
9741
421
3833
9242
4878
8563
3030
2744
9560
201
5362
4396
9827
3595
10957
5585
884
10834
5949
6595
7926
5190
2142
7078
8995
4856
6983
3664
899
5439
5465
9428
4012
11661
11984
3372
1895
9069
9148
3586
3603
3771
5353
1083
2275
9919
2873
4449
10786
1448
6836
9355
695
1
5014
2411
10787
10099
3335
9811
9255
2039
11496
4965
3715
11958
9256
694
10361
1663
3702
5375
4816
900
7921
5440
3477
5937
9052
4336
10235
3337
11629
901
7011
2687
996
4188
951
5775
4505
38
4848
5239
5838
3216
8983
5589
3811
4909
5929
6590
10953
5762
5939
11479
2830
11629
9821
7988
8343
6131
11875
7179
5804
3301
4382
9172
5164
5102
4674
3039
7778
10588
6624
626
11247
4840
2668
478
1639
8067
5433
9149
3896
6719
11007
4266
2244
11096
11487
10332
2224
925
6717
5856
11796
6143
7148
11763
2131
6741
4680
6393
165
10632
1117
5181
7408
7554
9861
11013
6102
5198
3022
2480
7623
8588
3833
3311
4406
148
4351
190
11433
8196
9774
478
1547
1383
4529
3184
3356
2244
9134
8175
2920
6080
5353
8202
1716
5137
7558
1822
8340
2657
4396
2124
1562
8379
3141
6396
8554
565
11105
7245
2825
2329
9914
1783
8563
3890
4626
5407
8235
5296
2648
2679
781
8599
8810
11024
1055
10058
4404
6684
103
11216
503
7460
6518
11681
4421
8931
6082
1967
3049
2494
5297
6515
3779
9472
11217
8114
3153
8757
6084
9164
5033
10179
8505
5922
11683
1217
3350
2849
1651
3093
11665
10639
4051
5165
6942
1169
4928
11737
10947
854
10747
9443
647
164
4176
3885
3560
6685
11187
8518
10732
1261
3622
4104
5552
4883
10327
1233
7996
6378
7718
5371
4887
5939
9605
2138
10711
10144
3960
8658
5968
8703
10779
8179
1390
9569
2979
4882
5022
5830
7292
11461
2950
5159
50
5530
3797
1632
1356
6004
3701
1112
5266
9092
8061
6414
9775
6912
2371
1250
2289
8514
719
1437
5933
4128
11850
1501
2752
7555
4917
1793
6897
5062
4310
8014
6130
2829
2829
11164
10213
5919
7334
11168
6810
1922
9895
1430
4886
3122
11304
4810
7952
3005
6018
3491
1494
4766
10688
1357
2892
9844
2546
7362
11572
8158
8769
4021
10889
8629
6269
2490
10629
3942
5713
11221
3555
1898
10936
1917
5919
3812
2057
1293
9401
2487
11310
10887
4856
9953
6227
8581
7531
4856
7513
1982
746
10880
11786
2705
11772
1222
11430
1488
562
1627
3100
11628
2768
7536
725
8729
10796
2155
7019
5151
3375
4292
8887
7612
5240
4798
4871
3225
11968
8997
1166
2567
9080
8384
3061
10293
11694
11059
9551
1266
1487
3637
2347
6041
7078
72
10146
7902
9954
1594
5008
11027
374
9143
160
1719
1786
393
7488
10268
9103
3949
3668
9907
4160
8563
8454
3094
3684
274
11931
2802
2400
10917
8096
7951
7144
1190
6211
1118
9382
3462
222
11102
11795
2598
431
2250
451
7893
11363
8706
11806
3430
6192
5877
6216
9676
3042
328
5729
5525
8301
1798
5064
257
3873
195
6939
2174
3580
6606
2106
3426
3097
4339
4778
10339
9830
11307
9525
11414
5523
1121
334
1314
8038
4129
370
5600
1484
3294
2026
11762
4746
2400
1613
11805
5937
10441
6307
8196
7920
8067
5860
2594
11747
8392
7422
10500
42
7757
4310
4160
9044
3531
2533
9238
2874
9003
1636
6178
9288
4718
3619
10235
2678
4662
6450
6252
9845
11765
8355
3436
9412
4976
10374
4859
11106
591
10196
667
6974
5731
520
1832
2859
3381
5895
7350
15
2503
8096
11079
7034
9833
3439
11909
9716
6875
8155
9282
1775
1434
11295
7689
7868
2089
4262
6304
11449
4892
9935
253
3080
8068
10032
11970
5115
2290
2391
406
4011
8906
5516
3330
551
10470
4850
3716
5034
4579
10636
3443
5509
428
4316
4401
8924
1858
8231
3334
7213
5188
2516
9214
2698
11937
9363
2113
1928
8567
6362
11370
4912
7782
9803
1543
5234
4407
3537
9484
7546
6211
8745
10580
3579
10593
5054
6422
1735
10511
6476
7328
10496
8827
11526
2354
11625
2255
9651
4601
8630
1912
3987
8486
3075
4785
4896
10763
4544
2321
6192
4785
2569
5197
3382
4985
11603
5451
11816
10125
1282
8580
6171
7426
7320
2485
7370
8813
4649
451
4566
4543
11818
5992
8167
1374
4775
4830
7089
11873
6419
10823
3250
8455
6266
11735
9655
5813
5619
10302
10462
74
5457
7446
5719
8673
10105
9541
2147
1251
7789
5359
9119
1478
6247
508
5114
10597
4706
6817
9249
2461
3633
3086
1723
9314
5139
10323
400
572
1534
7408
5798
9345
11832
87
4995
6640
10309
10528
3894
3271
10843
10313
10289
9506
6417
1480
11279
9681
1398
9103
5235
2484
11229
6042
1841
5334
2262
4503
7237
10819
11224
8435
7041
4166
11323
8797
3045
3524
2594
9529
10727
2671
1941
10116
10322
1000
11821
5375
6474
11636
8712
2618
10701
10426
508
11742
8373
8246
3496
9942
2395
925
6758
8475
8853
2797
7293
1691
7424
9424
6195
5670
9049
2446
5344
1972
8292
6891
6173
4054
2032
3364
6715
8280
1714
1217
785
2127
9070
8472
2445
3429
11124
3870
203
30
4806
10602
7683
4645
8056
7816
11709
2200
3536
8215
11488
8430
7661
5952
2440
8961
11268
11507
8277
8507
1190
8063
11584
3009
1181
782
10569
918
2069
1179
3435
11150
7703
1617
9041
9328
1201
7137
11554
8550
8849
9055
5560
1444
4080
3834
8175
2131
8171
8758
2232
4921
909
11304
9901
167
8393
5229
4159
5023
11042
11399
4011
3775
1741
11350
1227
2190
1230
8206
3144
6210
4992
3802
8685
3404
10481
9454
8440
3745
5801
8097
5193
6853
8043
10735
7901
2902
2899
4457
116
1778
4992
5783
11982
7654
715
11724
724
10133
3701
7300
1267
3233
11808
8765
2691
4921
10196
11246
2437
5438
3265
9832
8652
2035
8452
7304
2387
7458
8834
10038
236
869
4081
4286
7000
8215
6646
11273
6162
10904
11401
1526
3045
3510
2197
1146
190
1695
11580
3953
7965
11680
2296
5631
2245
2808
11067
10856
11411
10494
2136
7080
4299
9707
5370
529
1901
11430
3154
3455
9607
6283
11694
2329
8004
5718
11045
1638
4962
11218
7023
6440
2401
2681
3921
3706
1367
1798
4118
2786
11841
8191
5881
4211
11668
4376
4736
10595
5522
3110
1730
6819
1016
7298
1672
8576
2003
3157
9457
8724
4338
9478
4528
7242
11159
9245
11921
1581
1320
2419
7961
971
3938
7640
3594
1707
8397
8097
3205
5864
8106
6124
6282
10825
584
3633
4827
8607
11094
10791
8960
10042
6131
3503
4963
9832
8450
8929
3675
3659
730
8594
1990
3734
9721
11519
1774
11012
2488
3832
5295
7445
9241
2764
4815
5733
7645
10956
11659
11755
7730
7775
5107
5323
7337
6274
2828
7032
7846
10713
8724
490
11505
4247
8514
1143
7402
5862
7114
7570
7609
1011
9536
6045
7683
6905
11733
9227
8185
6792
10269
5399
9002
7761
7057
6522
11960
10162
815
5389
8232
6169
4383
3068
3603
22
4465
11107
4666
2657
6818
7048
4022
8037
4766
4980
10413
11912
4575
1327
6913
6424
1235
11383
3586
3411
795
2589
3556
4626
5168
4796
11659
11732
6945
5303
6082
8707
10551
1037
9548
2245
7609
2523
3954
3266
8011
10735
3930
3628
9137
10277
1112
1231
3666
5856
8959
6903
792
230
2896
217
7667
11512
4595
7103
3581
8589
8515
6707
10712
3370
36
10182
7956
2464
10544
3070
10733
1250
4078
6170
4912
8961
11172
1763
11998
2693
6723
11602
8842
747
6945
7512
9820
1110
11077
6061
6776
3123
10202
2456
664
6893
3046
9912
3926
9449
8181
9421
3366
11871
7406
1862
4672
3926
8775
2536
3963
10235
7860
10551
1685
8030
1307
6500
7215
6249
547
3635
9109
10973
1035
4776
11100
6986
4823
4014
11555
7563
2052
5507
2108
2813
10813
1156
612
10842
8006
4976
5550
5845
8086
2459
9342
7924
1154
2898
7952
10725
10195
6629
3385
10719
1946
7798
6918
1782
11642
6685
2849
11226
6851
629
818
4845
4735
11047
3105
895
3653
9040
3833
2248
1483
11474
936
1697
5753
4660
8772
5055
7257
503
7592
11373
7338
2902
763
11717
7251
2072
4401
10826
1044
1014
9515
9093
7801
1699
3898
8922
5352
2973
3969
11335
2489
2671
7704
1689
5829
10624
4205
5738
7831
10204
613
4699
7232
5820
10112
9705
4487
7028
11194
5903
6780
5562
1421
11544
5837
6638
7924
4608
11058
6794
11371
3046
7907
4391
7602
5200
2634
7209
6352
5595
11187
3817
8532
9980
5632
10845
7031
9528
4216
1253
4061
9597
6175
3029
11163
1051
4001
6554
3314
1283
5064
5227
8377
2074
4334
1358
7577
4313
7852
9731
5585
8133
8816
10161
2170
8838
5293
459
3365
2726
1165
4895
10337
2663
7585
3323
9176
9953
6201
7036
9913
10392
6158
3892
9648
342
9149
3223
8849
426
4047
5890
10325
8156
1683
2985
8027
3563
6029
2780
9647
3238
6119
4501
3112
8387
6853
9536
8810
5823
1399
9671
8108
5555
4456
4569
2293
4495
916
2487
1856
1781
8758
3867
10462
3477
9982
4037
5754
7841
7170
6051
4855
5484
2444
4892
1782
7300
3601
2553
10676
72
5345
6960
3344
8648
9434
3151
4586
10680
5463
11138
1607
5232
3494
3424
8913
5091
2519
11672
2332
2874
3441
11316
11779
429
10015
4551
9808
7389
7079
8632
410
7216
6106
491
11177
3722
391
3016
5909
5989
10667
11019
1196
10061
259
4199
2931
3291
3522
1527
1476
4491
3357
2499
2165
10268
5476
6603
10105
2467
1067
275
11680
11340
10919
11851
5786
815
116
5562
3032
1323
11154
6919
5587
11458
9681
6531
5670
6352
8961
7542
5398
712
7500
10884
2771
5325
383
7292
950
4842
9507
11709
1898
3120
6378
6693
5735
8074
10405
2040
1625
11837
4531
6793
5439
4513
3731
2184
9744
11862
7258
11752
7800
10885
10720
8780
8607
3701
725
4877
5867
10983
10001
4362
9180
7086
873
2125
7413
9774
4414
3606
6107
6000
6351
5895
6517
6335
7342
4906
11859
11106
2896
6210
8619
7510
10462
7693
10271
7943
457
9683
5083
5132
8763
6255
2362
6876
488
3606
1736
176
8162
10568
8609
6935
7788
7794
1944
1872
4262
9470
4149
551
776
11544
4150
3407
3018
8989
694
4824
5695
5026
8266
8494
10722
670
264
6126
8553
7990
10051
6341
5942
67
5457
6022
10637
2721
9581
2088
8511
7126
4696
3450
4068
3293
4187
868
10600
1295
9159
3323
5756
2478
11069
4032
8141
6509
4010
1815
6322
894
11306
3007
159
5081
46
4786
3606
2918
4952
6778
9373
10024
3938
11726
9866
9126
8318
2728
11995
8375
5336
4773
8387
3882
824
7064
10495
3567
6244
4331
5990
8580
6658
7027
1310
8928
7131
3502
5708
3190
2235
3868
9283
11687
10965
87
5278
6887
11012
3313
744
7658
3148
969
4536
4426
10878
11817
3931
88
6458
9854
11433
3324
751
2101
3706
4139
8926
4463
3633
8709
10333
6401
10774
6567
5815
5130
11778
6227
2544
2129
4435
858
6791
11035
5088
1284
7732
8614
3174
6300
5456
6054
5760
2010
84
8825
725
9070
8954
3592
2476
10598
1120
7068
8090
3900
11435
7739
7196
607
7911
1662
6688
1853
1292
848
4317
10122
9629
11141
8996
6223
6635
3508
11406
10449
758
10451
8404
10301
2419
7309
6430
8654
5128
4323
1971
5338
4564
6812
3599
9343
6509
3210
10963
7941
2977
1083
10005
9552
894
10328
9784
2405
9805
574
11511
4566
2840
9142
7867
7820
6573
11283
5549
1264
6938
8840
6756
1590
4184
2179
6687
2726
2757
8362
719
9416
8361
8657
8396
5676
3258
9620
7976
1395
10427
3607
3136
5789
5279
9240
8302
6480
6187
6541
2236
2689
474
10752
7955
3779
7706
8612
8273
8969
8179
9330
11737
3705
4008
2085
6052
10448
6102
270
6582
10732
3737
11700
6348
6585
1326
3947
561
3995
1011
7120
3215
1077
715
287
10946
10868
1662
10770
2856
444
5020
8214
4085
5452
6818
7051
11491
8848
4981
3192
9991
10211
4172
10888
3967
9631
3562
5509
6247
11683
9640
9423
8170
2431
11666
10233
10518
9695
10728
2209
4104
8338
8036
10666
11079
7190
9275
11544
5484
8577
5660
5319
8159
10190
3318
6279
3069
3235
8727
5048
11765
8571
10894
8767
8690
7893
10738
6402
10578
8471
3483
4486
1782
3904
6862
3650
6002
11465
2775
383
8900
4087
6191
10511
10369
161
8828
486
3499
3448
4151
3066
3519
11895
9609
6931
8234
1448
11855
4622
7772
9361
5565
4436
11061
9177
2687
3954
9819
1211
1562
9780
7214
3718
2033
7907
1682
5902
1027
793
4492
4563
11761
6653
10184
11787
2173
6303
7927
2959
6639
81
1622
8895
9905
9215
5449
8883
9850
2925
1702
3103
1448
2700
7502
1889
8742
6841
823
1962
7533
4754
1956
871
2503
8086
8598
9292
8238
5272
6683
316
2643
1086
7045
2391
11067
2204
694
10272
10212
8777
6327
8681
197
10619
3624
4861
9587
1188
177
5418
7712
9576
11863
10346
6461
7417
139
812
1473
5617
9148
9380
9570
9643
6925
3499
2207
2207
11009
10036
11168
10520
914
10701
9877
6068
6848
3310
3324
983
9351
11905
7710
4524
1706
1581
9752
2682
844
7297
2136
9854
9149
8122
61
10795
5521
4241
2593
9050
268
100
2419
11599
8922
3839
1340
4171
4411
7655
4420
6184
5531
6339
1453
1588
1600
3015
9692
9996
477
2910
8696
4468
6371
1715
2347
1617
7478
1692
9989
7300
4478
4708
1216
10915
436
8148
7615
10741
3292
6205
8623
9577
9299
7204
9039
5043
5213
8106
2156
6789
865
6679
9381
5446
9489
11235
10414
7794
1665
448
9359
1070
9912
8520
7308
8358
5668
6046
3072
2053
1576
867
7330
1839
9361
4120
394
926
1286
1739
5101
10808
9085
1632
8547
7113
11467
8733
11914
6786
5779
9394
1027
8846
2880
707
1883
461
8686
10067
3268
10255
194
11215
5761
9262
11673
2036
1505
8584
382
10237
5090
9560
6133
6669
4503
5264
2485
7446
2308
6933
4979
2244
806
5047
3161
8170
9391
4780
8373
10246
9743
808
10382
11762
2415
9402
9137
8810
6487
9542
11177
11414
9872
4699
685
9811
7203
5840
212
2018
11551
8800
10915
3692
2042
4062
5063
2288
431
279
2206
2155
10662
3075
8336
8771
10449
807
4731
6256
9778
9387
11980
8007
11610
371
8937
8293
1420
604
11819
3156
6912
2100
5609
8733
2820
5270
7695
11498
445
5153
5261
3286
3947
5781
4172
10388
3274
1481
2876
9977
11445
9803
3081
11623
37
8405
1996
4278
3767
1768
10174
6305
10923
3336
1511
2891
8488
8884
5076
11756
5245
11008
4038
6428
4963
9617
11847
6074
11487
3444
5176
4313
739
9147
9158
168
628
2741
6300
10716
4134
5865
945
5693
163
4431
3329
7978
2283
75
3706
11177
5300
5063
8333
5743
5043
2123
10212
8072
11667
6364
499
1732
6658
10574
3687
8863
10220
7879
2875
3979
9470
4562
8233
5915
11052
2653
10525
10990
1743
6383
8453
8214
8486
7177
8997
6789
10909
5368
200
5459
395
4116
3920
4143
7797
6489
11054
4159
5648
3519
3277
5589
548
11192
3241
3376
9548
10373
5917
5004
8409
11541
7642
11655
5014
11388
1267
881
9895
9899
2677
4239
6954
306
10933
11372
6624
8655
2561
4509
4069
273
11544
11567
11546
11054
6997
1616
4548
3517
10726
8854
8366
6800
3420
5104
713
6482
9275
9159
5107
3737
11249
2256
1493
6344
8996
8849
7879
5924
835
1357
6414
4977
3646
5678
4038
11784
2706
10254
378
7607
4316
4706
11472
3861
5679
804
6946
4864
6721
5947
10983
10453
2911
6377
7632
3211
1
11633
6446
5741
6713
7682
2064
9906
8612
1349
10250
9723
10851
5823
10162
9576
6723
515
5924
3895
5944
10775
422
9978
9193
7809
11845
5940
1060
5327
11006
9648
11250
2592
2169
1149
11717
8753
3823
6762
5966
9383
4396
2362
9580
5750
3567
100
831
9677
3023
6154
4122
11295
9400
1556
886
5902
1907
9097
4355
8085
4835
2153
5113
3154
9324
9577
2413
9390
8590
11851
7424
9995
1615
3258
4433
9641
3670
6175
8851
11924
8915
3043
3929
6446
1437
4834
8621
3668
9811
6376
2528
4400
8612
4587
9435
8923
8683
1828
949
9900
2097
5227
2205
8738
3222
10542
6871
8522
5962
6445
3172
10349
86
3126
4697
312
4472
9944
18
7593
2027
2950
5567
1812
7461
5226
156
3503
2938
11554
2879
10048
11805
4892
2955
11361
9703
7562
2977
10349
10128
11490
86
10026
7226
7765
6687
9299
7566
8106
616
1184
10782
11510
11269
9140
10729
5658
4320
259
4829
824
241
7358
5878
5203
3628
11261
6693
4291
10259
9927
11244
6386
10124
11233
11205
1942
2542
3217
8866
2571
7285
4013
8848
2508
1333
10725
4789
6542
5771
6282
5464
4282
5326
3321
1951
1988
2692
1736
723
5324
9202
5100
2817
10577
1164
4037
8826
6349
5194
10022
11929
1553
7259
8101
7812
10845
7123
9947
3884
4508
8064
9688
9103
4346
8282
5350
7517
1155
8185
3672
7831
1722
6689
7120
11603
7442
10712
3594
6812
365
1912
6024
2327
10254
5599
9594
2368
5309
10563
1033
5074
10966
9828
10561
11078
1006
7066
8761
1395
9892
2893
11072
6164
608
10884
1990
1319
10923
4149
4932
7697
906
6554
4329
2143
5592
1221
2146
807
3390
1514
260
5229
9010
6395
10617
7233
6410
4049
11557
1286
6779
8934
5332
9102
6610
7391
931
3296
7150
1446
10567
10396
1913
10455
9245
11573
4609
8752
6287
1757
8855
171
2976
6462
4226
9064
8756
6500
769
5443
11711
3001
3900
4453
3113
8136
3301
2519
7930
1699
9137
10897
3720
10464
10413
11376
7962
3006
9694
6374
10039
9126
217
6187
1776
1388
1596
9457
167
1940
807
85
187
3665
5626
3601
1073
10504
8237
6415
11840
852
5510
3320
4953
4803
410
10987
3249
5854
9731
73
9741
2469
6330
2796
4265
3641
7474
8088
5
5619
11889
9514
4588
8465
9643
6637
1506
7633
5532
1067
9193
6294
2562
6688
6288
8392
11349
6059
505
4568
2756
830
6949
8032
7341
2036
9983
681
10617
10978
2530
6310
10098
1638
2887
11614
289
9180
10703
1639
4264
3472
393
1614
11513
11117
8512
4179
977
9588
516
11408
2901
11976
8852
3450
4295
966
5253
11521
6277
8595
7154
2322
11998
6285
3200
7803
10258
2307
5643
11342
6885
3552
2867
10879
9439
5219
6909
10888
6211
4938
4455
748
7082
1133
972
8887
10107
7911
11792
5316
11690
6478
2185
3737
7050
7876
7402
3629
4144
5318
8237
4330
6758
2881
7227
1549
8
6341
2523
1387
11102
2258
5878
2605
8791
1615
2819
10427
9054
537
5012
9591
11356
792
667
7776
2057
6094
9850
10808
11760
5000
5766
11135
8287
6167
5111
3230
3400
4760
5263
11327
4919
2511
11908
4761
5519
6771
876
10602
11299
10786
10660
8382
6638
6613
2845
6764
9456
11087
6659
2655
6
2735
6411
10865
11589
7652
9785
5139
8050
8352
75
234
8865
5189
7302
8468
5288
5789
4411
7177
7454
4326
11157
4956
4342
7497
6145
11551
7506
555
538
9414
3686
1277
10161
11652
9515
4398
5142
2355
156
2273
8005
2735
5968
8697
8751
11681
4212
5488
8996
3066
8292
2631
2746
7157
3718
3672
3549
10495
8452
3719
9843
9554
10404
4791
5739
8093
10277
953
7105
9599
3000
8766
8688
3314
8665
3246
11605
8933
11176
11474
1659
3810
4616
10891
8809
6862
5044
9029
7588
1422
6809
2822
1538
4391
5940
5505
6444
3966
8904
7719
4719
6046
10524
4445
7136
9431
4847
6888
3881
7332
5081
7973
6101
10533
1343
53
5043
6635
4626
11925
266
9970
8101
10220
1306
552
2761
9022
2602
6188
1576
4606
2356
8242
6586
4768
11369
2051
3142
9356
4002
2720
249
7854
1540
1159
9148
3178
1999
975
11733
5132
3555
11854
10077
11710
176
7066
11961
9556
9753
747
4567
8481
1251
10879
9767
10220
8576
888
7475
7388
11922
7616
285
752
222
2412
1972
4396
4879
4063
3953
5006
6276
8805
7892
735
8279
10176
87
1349
2731
8575
9131
7796
10161
7690
7991
10980
9879
7067
8618
8222
4814
2950
5753
9137
10550
6425
9273
1121
10696
11966
1531
6751
255
8445
6847
8723
68
1246
5046
5301
3029
1645
1688
2780
9106
1238
8318
6478
6468
496
8446
342
4265
2998
10529
8947
4640
2480
9666
2861
4109
8528
5669
194
650
4633
1905
2527
3499
3930
6091
8266
1228
9815
3249
7036
9657
9544
8336
3308
10202
8411
1891
8486
8024
4245
2920
3003
11504
6902
7648
10930
11444
1723
9571
7420
11768
1180
766
2821
192
181
4394
1191
2691
386
7562
1176
1243
11844
1537
1923
4172
7360
7821
1940
4559
3303
2756
8045
8539
7952
3497
7478
10798
8033
5099
11857
11645
4268
1723
8907
3798
950
1000
2639
110
9811
7672
1396
4236
11533
10533
9687
11985
11748
7505
6019
9218
7119
9352
2540
10643
3104
5425
9756
11506
8710
3216
4869
1069
6700
955
5397
9345
543
3607
2919
8257
2572
8718
8085
8351
2952
10255
6347
7098
1481
11075
472
11684
721
5575
4830
9166
8524
7947
296
6994
8303
11237
9211
1469
3680
5779
10021
1847
2964
4140
10770
6160
3059
5281
894
5481
7000
405
9989
188
4404
3317
5205
10313
3955
9366
2981
8959
10198
8651
8095
7683
5055
2336
2232
6079
76
2518
737
3882
9914
9146
11126
11024
3306
8484
1972
6302
1
1417
9991
3276
3018
1950
11872
3655
6678
9834
2630
314
4452
6342
3940
3768
4635
9843
9696
3849
9683
4792
5356
11631
2772
4279
10613
9107
87
587
6361
4145
3880
257
10358
1405
9389
5455
10653
5680
10272
565
997
5363
3416
2287
7451
7686
5734
8756
887
1806
2907
6670
10123
10457
7655
9366
9300
10927
220
9227
5267
9463
49
5743
4277
7907
1411
7870
4782
10425
10773
4812
4421
11358
10584
2266
8617
4577
3237
4981
5857
1218
11975
4235
5056
6717
919
4394
10071
7543
11231
4663
9893
5796
6367
9576
8938
7570
10670
11135
10169
3989
6072
6595
8075
1008
9318
2300
5745
5373
2076
11307
6433
8217
4923
8484
6353
9231
1863
8201
2242
7039
11170
9156
9684
11979
9239
8896
5111
3166
7059
8389
10625
6425
174
4974
8604
4507
7560
9416
151
7181
10190
11946
3836
9511
59
2060
10498
5090
10459
5829
9273
4219
491
8165
4194
8673
3004
4427
2273
3163
11607
8964
4779
8505
11738
10593
2585
5813
7617
10451
10559
8997
7231
6502
3350
7617
10603
11191
10133
11147
7704
19
10847
7904
10493
622
5365
3257
2003
2269
4972
926
10973
4656
7545
10376
6273
9392
5577
4369
10612
11184
1166
7067
21
7923
5843
8473
2159
1818
11888
5118
7106
10888
3513
3904
9947
7028
4017
10216
4288
2570
8028
4154
2760
10175
11985
10875
10855
11534
8270
2019
6023
11508
3079
9569
6801
9060
3862
9637
2603
7048
10070
2606
2908
7382
8043
5969
171
11210
6968
11778
1414
2085
3796
10626
8030
8162
663
8358
11311
9969
2638
1375
5757
5394
9294
5899
6137
3439
5413
9336
9860
9974
9611
2448
523
1170
9944
1446
8272
6021
10160
2395
10473
10084
4153
5612
2849
5455
4909
9724
6525
9739
5547
3834
7545
7966
2695
3983
9425
6055
4418
10438
5148
9815
3828
3864
7922
3120
3398
3283
974
10104
5692
4646
8910
7545
3247
2988
6935
6617
6425
850
1206
3986
4841
3526
9601
4653
8183
10527
11580
11199
754
3299
1304
8608
4244
2393
182
6339
4695
10508
11433
2967
2144
7704
9112
9722
4026
3188
7331
2709
5374
1084
11773
9048
3118
4921
6808
8978
3585
5551
4991
10316
4728
4932
7388
5795
9359
8936
11930
2977
10992
5157
8036
4055
1537
11684
5420
4217
6717
2297
2121
6870
7392
3629
10359
9202
7612
4934
770
4674
8233
8789
8573
4419
7482
9275
2956
4439
3594
10169
11299
4285
3732
9459
9381
9420
4738
8671
7630
7243
3902
5840
1292
304
6276
3514
3688
9556
5560
6113
931
304
9140
611
8347
7702
5370
11454
8269
4141
4232
2175
10484
5162
4681
4040
1231
10984
7751
6461
7969
5
8479
7244
2930
7320
4525
3926
11603
9874
9190
7742
8831
1392
3429
461
3804
9018
5085
6656
9921
7708
4781
11343
5810
6654
5809
10874
6470
5057
2453
2386
682
1593
3172
5953
8798
8770
8383
4599
2589
2912
3242
4722
1562
11767
9312
521
10981
5731
9350
3701
4653
7477
1981
11292
8992
3403
2257
3004
2574
2603
6671
10801
4972
8252
10099
7139
7124
10304
11679
3503
3529
2386
8359
10607
6008
1112
4137
3593
1914
10245
5947
11825
6934
4078
5341
3900
6723
4358
7853
2658
4427
889
11545
7471
9964
4929
5294
7782
3256
5160
11696
4946
10460
8283
8547
6539
5693
8328
8869
4449
7614
9268
1534
5096
7070
4858
9264
9761
7583
6787
3241
5792
8065
7007
7991
8095
5965
7646
5179
2814
4814
686
6070
4981
2969
7089
10720
9625
11821
8506
2935
4454
1077
2339
6228
5455
1803
750
6650
8863
8439
7415
680
11723
596
11122
1390
5142
9043
2758
9276
2336
11290
8229
7605
6508
9828
775
3618
6509
812
11714
11619
12
2052
4392
5089
793
10015
11037
1791
1771
10415
9940
4399
9781
3976
9125
10433
4232
7428
3500
2997
6783
2976
65
2354
1451
4739
11760
9999
6043
2974
6581
174
8871
9135
8982
713
2841
5632
1020
5444
1241
3756
10030
3970
1876
34
2540
6900
8
4994
4838
3020
5871
5988
2615
783
3109
5080
11809
5001
7959
1191
8966
8251
11658
2201
256
6031
1509
2224
5950
5548
11997
2610
5275
6181
2907
11460
9724
5131
6731
337
5478
3203
8900
618
4954
7507
3567
5703
1615
10037
3126
1931
10506
11278
9642
8646
7131
216
11024
11029
10327
2715
10474
8484
1678
7099
5438
6867
4905
9131
1893
4342
1250
10047
1426
3894
9951
9279
10588
4213
6540
6967
10506
975
10004
10859
1595
10555
5020
3144
11471
2097
284
8310
10133
4198
10522
9706
9393
2771
4389
4183
9257
2516
9292
4452
5997
7116
7993
5433
385
5989
4589
1683
4521
2165
5400
3191
5936
2140
949
4611
8948
2858
6400
2464
7793
9214
7541
9588
840
8680
5798
6580
10924
6288
5017
5014
8554
80
5468
6820
2098
3868
646
3628
8646
2178
7883
373
10110
10572
3995
109
11957
739
9719
9981
2483
4173
337
3262
9208
9943
1408
2564
11874
11661
6717
9272
11835
10150
3709
3076
4995
3582
7531
1896
6709
5019
5632
2441
3352
9104
11810
2057
7108
2623
7958
1714
2255
5401
11172
6219
3828
8994
5446
7501
3774
10480
3756
847
6678
11314
7279
11326
5479
4078
3919
10441
10890
11714
6892
5720
10099
395
702
188
8823
6020
3505
11585
9976
7558
11648
3585
2671
10830
6220
146
10677
7165
7706
1119
6094
2681
5671
6037
6707
11952
7304
1876
4954
9020
11842
2821
1379
6946
3458
7498
9889
11285
5147
7792
6276
2136
1114
5794
10527
4416
5255
1144
8923
2999
7418
7852
10295
5661
10808
557
10138
9001
11241
8140
9591
1806
2742
5556
9084
10456
484
4887
9175
2742
4520
2243
10628
11985
11910
11475
7383
9722
8778
4033
1635
6723
9282
4122
11558
2595
6550
1322
977
1885
4805
11287
407
6330
5117
7977
11985
6514
8087
8774
7979
4042
10060
10172
4431
6168
7736
1240
10828
354
6346
2483
3426
6660
6116
6316
11917
11472
598
5041
6732
559
11281
5367
4493
9190
1675
1961
3798
7508
10798
2108
3410
759
9788
9761
6327
591
8164
10900
7952
154
10522
11218
10988
926
10422
5607
1282
2566
3211
10789
6718
9283
3298
11505
2701
1876
2322
2455
6305
993
10718
10589
8641
6752
3596
2869
9521
2970
10270
6540
9273
2510
6688
5300
1879
42
7791
1687
3754
10570
4490
9628
4991
8714
2184
2027
7114
8936
2455
4740
5917
5596
7341
9131
4489
10959
1661
9232
10174
4761
3493
7098
4398
6267
4035
9967
3344
885
11784
4898
7521
11654
6309
6746
10116
6846
7778
6171
1866
10913
2222
8948
9837
9114
10448
8196
1590
5913
11515
1897
7646
4523
5153
7910
10642
84
4030
1521
6095
11468
8469
502
8749
10003
5721
8523
313
2386
10529
10802
9306
5008
2110
9988
1172
3085
9993
7840
4747
5695
11829
3920
8159
710
68
7316
5046
3950
9238
10317
5400
4865
9276
72
1972
518
7146
6916
11807
474
10890
9922
5564
7497
8941
4617
8439
11625
1501
5171
460
4404
2287
3000
9701
1504
9684
11477
1152
3324
11470
9528
815
11785
10399
1802
8472
5970
1372
6969
1757
1706
10145
11073
7798
11553
7391
9463
1594
2402
7696
9138
1725
11628
427
2070
2931
523
2707
5342
1619
1042
5386
9541
5462
2936
4034
9458
6719
8556
10836
6397
3541
4885
202
1986
10571
4011
3862
1185
4704
7628
1254
2608
962
6684
9391
8862
6478
2492
1670
548
10066
3397
9390
11402
4852
33
4683
274
1355
5031
8821
2757
9643
9937
616
537
10718
2875
440
1628
3310
6491
7522
6304
4767
11927
9310
9379
10969
3975
689
5401
11491
11528
11742
8952
8715
8346
2460
11744
4002
311
2499
2981
7940
689
7136
6042
10069
9158
4616
3196
9479
7554
1290
4088
7736
9330
1468
8762
3864
4896
9431
5715
10025
7344
3359
8838
7903
9526
7706
9007
10375
5361
10723
11440
7107
520
10422
9850
11347
1344
5099
4980
7312
11543
6112
8555
817
11072
4110
2423
6065
891
8158
8197
10568
9680
1140
11686
11957
4328
6377
10547
10621
1064
11895
3771
1197
939
11694
2923
4988
4059
7044
9113
10252
7148
1800
9518
5551
10101
5719
9965
5797
7500
6024
1507
8708
8892
4802
557
1265
9030
6381
11425
5514
10513
8230
3834
7334
79
11852
9539
7028
5966
10071
7519
9792
407
8360
3155
7668
11302
2299
11153
283
2727
6234
3874
10976
969
5995
11630
10006
3618
11978
7755
10321
7391
6801
3840
5169
6598
9171
6453
7070
7978
10056
889
9167
7914
2786
2863
11525
6151
3071
3255
8788
10495
5271
11444
1282
9483
11765
7103
1576
2033
10787
8967
1366
3015
8990
4546
10514
11973
7528
1589
10752
11045
3004
7708
670
10906
1724
6199
11174
1162
1222
2066
9943
6474
8037
4239
9677
9076
2404
9265
11372
3591
381
8359
9436
7580
5296
980
3086
192
7439
11959
8861
10035
11990
9500
1840
3067
9816
5982
6044
421
8372
3031
11014
2202
2598
6725
9765
9370
9178
4315
4070
5400
3836
2145
10473
1362
11019
4233
10665
9835
10091
6288
3193
582
9242
7532
10570
2369
5434
6552
3849
9772
6445
6745
165
8772
10143
7660
11278
5105
10333
6767
1433
3960
1699
1033
10400
6014
11315
2774
1126
3802
3490
10866
4952
4052
5996
1985
9199
11936
6344
10425
1746
5330
10902
7373
11257
573
2772
4760
7404
10124
3792
4418
10730
9403
1496
8753
997
2387
8525
1486
3242
9184
5366
3283
10110
8049
11729
10927
5412
2476
2980
10102
9788
6955
2674
8743
10917
10935
1321
10651
7523
10527
6839
4967
2044
3381
7773
2670
1212
2469
1116
2343
9944
6195
11596
2918
4143
560
5516
105
3533
1849
595
11681
6025
8044
10277
10779
1934
11143
4321
1546
10807
10847
5911
6963
3124
665
9687
2741
3401
9129
7364
4211
949
9957
8808
8255
2671
10373
6529
9604
11213
3610
7737
2224
8031
11336
9459
6300
1496
4993
3809
2586
4876
10335
9491
4986
2421
11677
5706
10201
7824
8563
7594
1830
4068
2988
10734
3186
7107
6405
10197
9556
4040
2117
5466
9974
11840
4339
11137
3935
7398
2361
10157
509
10151
5555
9807
1039
1444
9908
4217
10253
10773
3733
337
7445
9770
11130
8737
8499
2221
3780
1611
364
3907
7532
3385
10215
2482
6178
50
2103
5692
6787
7401
8873
9834
11696
5648
775
1284
4273
4426
2247
5084
10981
5629
6324
6314
2660
454
2935
2482
6580
1191
1153
11170
4580
7227
215
983
3945
5930
3578
896
306
4056
10001
7482
8170
6680
7094
3642
10121
1503
6683
8745
3735
115
11863
2601
8127
7777
8720
11478
651
7245
2502
3624
11554
2308
11226
10389
7771
11278
11833
6451
892
320
8202
4443
9875
7117
8111
4969
1296
4509
6523
10592
6462
2581
5169
4298
11485
3190
6452
11421
10365
9250
2576
11994
824
10904
3684
1775
332
129
907
9051
11251
3459
10886
753
10177
7251
263
5814
6138
11143
7228
3045
5838
8713
8119
11570
2675
6856
8438
5836
3900
3913
6483
5275
11739
3483
522
3976
11088
6119
10690
860
4589
7590
3770
8033
7528
9612
4018
3045
1371
4099
10259
2524
3676
1459
8060
5381
9012
7356
7274
2341
3327
8550
323
2608
9951
2448
4863
2854
5180
10373
8211
8537
2908
7884
5051
5005
9691
10782
7075
7513
9927
2003
4723
4778
1083
8597
1173
7622
5686
4470
7716
2029
9303
9470
10227
8764
7608
11868
2647
3916
2948
4925
8817
279
3797
8091
7068
10906
11150
5229
10639
7894
9362
10908
8720
7665
7552
1237
8886
6649
1292
9722
9657
3401
10234
1555
1624
388
1977
643
11174
3293
1402
2325
401
3897
9996
8149
11057
5517
11286
10907
11306
10785
6800
6370
7070
6966
6686
10326
11058
2883
3881
10860
987
8315
10044
7340
10309
3755
9400
10601
96
1727
10549
10993
4711
7268
2389
1695
7982
6248
5382
7726
4135
158
11637
8072
8625
349
2633
1501
3294
8040
1475
2447
10272
11785
6992
2314
3279
1974
616
2865
9049
6325
6022
1939
4519
11580
5188
253
2695
9873
1939
7529
6395
10480
5012
7156
5246
9899
3734
1484
9486
6667
5548
5448
251
1557
4874
6803
8426
3592
2364
320
11014
10019
451
6081
5060
7779
10893
5906
11345
1642
4336
11184
4378
10843
8931
6568
8375
8322
1112
9642
6006
1553
2746
8219
448
3300
11967
11018
10697
11942
3658
4346
5849
2573
5376
2782
11794
288
8740
2180
4702
5529
3985
4712
5591
11109
10260
11881
3506
3495
1316
504
10441
253
1695
4492
131
4283
8834
11955
7714
948
7844
1187
1800
5879
5295
399
9383
1909
4925
8117
3332
9856
10187
8403
1671
1999
10492
4890
6242
6559
10829
3675
2907
11732
3568
414
4152
4189
3399
11602
1254
6613
6879
10111
3046
3845
871
182
277
2246
1963
554
790
7461
9585
6168
3486
10272
9807
7809
7675
588
1223
11064
10850
9177
5281
343
7252
7597
6531
5932
2092
9325
5039
1681
3111
8475
4249
9593
10641
3672
5828
3718
2312
5482
8216
4440
5679
185
11713
1408
1585
6356
4423
4914
11952
9169
11142
6521
11241
9841
7370
11780
9158
5601
1544
3230
8672
61
9659
11676
9070
9967
5978
10671
11534
8501
3507
6617
3631
8993
10694
3644
10713
10649
9312
9390
4761
11487
6547
681
9709
7115
6094
8638
1353
11829
10622
3498
7107
5327
8609
6433
11105
5582
6114
2887
10589
5193
3574
6238
11857
8377
8562
5401
8869
11457
807
10254
1907
4808
10011
9418
83
3137
7269
2687
10632
5452
5893
7769
4678
9813
8222
10382
11486
10745
2064
3571
9991
10569
118
5099
11307
1672
7449
3194
939
9007
6383
3640
1488
3503
5012
8546
2031
2998
10979
7498
3736
6730
6321
11470
5276
11379
7366
7046
4792
6838
11449
2871
10018
7611
11558
3525
10318
2320
3279
8997
1534
7782
4845
80
9892
4217
8753
7571
7925
398
1595
1923
2957
8660
7061
3918
856
3949
270
9869
5700
8902
4943
9302
4001
3778
10587
2510
6609
6357
3175
5244
722
396
659
11864
9957
9898
9093
7042
8474
5356
5633
9007
2842
878
711
989
10449
2503
11337
6888
10102
8783
6854
950
2520
7394
2792
1677
6086
3548
279
4740
7003
10083
10648
7318
5253
421
3461
7539
1936
1782
3946
7024
3828
11131
11801
9471
9080
2533
747
4762
4193
5397
11540
1817
5627
2782
3458
8387
2338
9353
4625
8449
7821
5297
7309
7565
3736
1038
518
6953
4045
5519
6889
10957
975
736
9217
9752
5858
4396
4553
1863
11482
1627
2060
8196
3038
220
9083
9142
9432
9919
7787
9590
8029
7737
7432
577
564
6346
4506
5993
6212
7067
10995
9735
4222
3488
6225
75
6692
3902
1910
1076
9172
4006
9506
7003
342
11231
10378
10025
11614
3074
3223
3624
7421
10367
6877
1943
5451
2077
11414
11864
7145
10910
8155
1219
342
10912
4894
3005
8624
5792
5863
708
10597
1722
8809
8961
10357
4107
1376
3776
1957
1751
3210
6427
7875
6630
287
6322
7089
6186
8654
759
2288
10332
8661
3302
9227
8836
11292
9586
11868
278
11855
11355
7135
7705
3095
7867
6993
420
6035
6975
5348
9890
1016
8115
11074
7540
4738
6934
10331
6933
1014
653
3598
10137
10870
7091
8112
7726
10495
7470
635
8709
3203
4285
7350
7402
4158
3757
7293
8814
2135
10091
4397
11942
245
8116
8430
4076
10907
9128
6557
4963
5890
1245
213
8153
5201
2575
10138
8357
1435
7093
5537
175
3478
5423
927
6319
5267
8635
3405
973
10175
11751
3221
4040
6005
6721
5724
402
9469
1163
6923
9912
9157
6442
10523
1696
11931
4253
10844
2507
6372
7114
10563
6074
9372
500
398
7500
10314
11273
10741
4037
5823
11768
3695
5579
7723
7647
9566
2634
7837
11203
8440
10071
4661
10361
6291
466
7911
8417
6060
9956
3630
5202
2675
776
5418
9808
7319
4486
7287
6810
4170
5082
9004
6144
2736
2356
7789
1778
10122
11000
11661
8916
10937
5989
2468
8910
7249
2291
6025
7935
9372
11797
7180
10193
2215
734
1075
10471
7885
1953
6574
9779
4990
8048
11353
11429
10764
3174
7598
9918
7890
32
9028
7651
3553
3013
11688
6188
4329
4231
2390
11036
7232
1570
7380
1483
1938
3457
8843
3614
293
2080
2403
2392
7591
1547
3034
7754
4374
3654
2017
8263
4620
10150
4468
274
10950
8124
10387
8120
2895
7954
1473
58
11053
4718
9848
11203
10376
2676
5927
2808
2834
5543
11818
4621
9592
3600
10852
8276
7843
3159
4316
11696
10763
11630
6609
2760
5273
10766
1626
11959
1912
1176
7071
8928
695
2333
9966
8926
2781
7162
7035
10361
11850
3995
9975
822
3077
5953
6315
8486
5415
2334
7153
3102
6819
2076
5999
11206
7729
3965
2225
5611
11574
8542
5091
2223
10482
11349
4104
4448
389
6905
10969
8422
62
1280
4733
11446
6146
9795
3585
4036
1142
2942
7925
6389
5577
5812
2563
7666
7200
400
9293
248
4767
5990
9953
3565
9553
11831
6715
3565
11029
2227
471
2498
7013
8505
7218
5426
10371
6234
4445
9842
8323
4540
10396
9049
7183
7130
289
1871
11291
3689
4671
36
4390
4085
7502
9725
11913
4969
11675
11112
9119
6030
6441
3921
7985
11019
10728
9518
2109
171
1488
11829
6498
11228
4570
2317
6059
2163
731
1
6549
2860
11614
5489
8159
6127
6365
2627
4461
4975
5020
9111
11705
8045
9058
8952
4567
8057
8212
10669
9827
7512
8336
5360
7689
1345
4739
2518
2512
8961
2568
7245
5924
1822
7965
196
11870
1113
11939
9315
5202
2860
6642
4060
9654
11731
11286
7193
4170
7368
5035
4181
9288
4038
2320
5831
4426
3599
7883
11416
1970
3849
11257
10326
5049
2115
1328
10337
3544
1589
1171
8514
2956
7781
7377
3804
6538
11654
10682
2874
5183
10267
2175
3944
8994
10650
4997
9022
5497
2027
11302
3991
9029
5167
6052
1248
11
7966
6634
1099
9439
9417
11617
3747
3599
3422
7404
378
11497
2217
289
5087
11562
375
6853
8939
6884
7094
674
9370
1131
11609
9895
1687
10173
4568
1469
6415
748
6867
6753
2952
10729
10551
2946
3051
1934
3833
9337
7708
4967
640
7264
4074
9630
7135
2641
290
5539
3968
6172
6462
3188
732
1860
2971
7439
6886
5750
4136
7121
2087
7495
2810
617
9252
362
60
3966
10557
4266
2948
3801
7759
8106
4705
7505
4664
9111
5744
10161
9178
2950
4174
1736
1241
1903
11368
8973
11454
2502
8814
7437
2718
3314
2598
5651
6261
11179
1820
8690
1068
10965
10199
5010
3897
4435
6119
1780
2918
2506
251
9892
4106
5652
4015
11098
4627
1118
6562
8429
9861
9662
2213
8469
7419
2804
5040
7131
3692
6619
2191
5343
9802
8876
4921
325
4676
4336
4673
6846
652
9600
6309
2254
5522
8891
10180
7231
5582
6019
11213
5602
8093
4596
3890
6045
7459
10786
3099
8117
1903
1806
9047
3225
7580
10020
4141
4200
7187
116
2705
9345
814
5740
8883
2693
8376
8686
7985
11755
6032
947
6252
3200
3724
10172
1048
11128
5337
10192
8524
11830
481
9687
8250
51
294
337
7705
143
7754
11508
4605
1137
3153
6209
6216
11132
1278
8738
954
2001
5946
2338
132
11675
10068
11656
6619
3771
5410
50
2503
2704
3909
5642
6459
1218
6475
7591
31
44
5005
8483
5289
7300
665
948
10378
1032
5450
7466
7524
9382
4755
10596
9017
1607
5723
719
10655
2906
9857
3996
3440
3673
1729
8124
7198
10074
1775
3770
8676
4180
6048
2550
4791
11212
3721
8826
2651
9115
8831
5530
1682
8829
477
5837
8111
11321
9091
1666
3817
3656
7835
7457
1771
8324
8408
4448
8584
9103
8791
5342
8460
2908
2791
3199
1517
9501
5221
10565
5600
7595
4832
5415
9832
11724
10748
49
10986
10756
6290
663
8892
7194
5620
7255
11195
10821
2541
394
5596
10580
6983
6599
986
6103
71
10485
10542
9261
10834
5098
3741
8362
19
7492
875
8133
11093
9955
2157
1052
8618
11074
9692
4
5806
464
6374
6352
8358
1423
606
9565
1346
6729
435
9817
2978
7561
3390
2286
9204
10941
4182
11086
6427
10502
3102
3132
11563
4057
7901
6261
7889
7190
4110
6265
1392
5922
8430
7098
8422
8995
8210
10944
7181
8695
2747
918
5533
7729
2402
11476
8654
3218
4814
2922
2460
8864
3365
11142
2627
8613
5854
10659
970
5383
4308
366
1148
8767
3991
3317
6769
9209
8669
5039
2315
8423
3318
10114
2428
10369
1277
5205
1509
10653
8234
4018
10777
5351
9892
2455
5185
11325
724
3482
11000
586
5429
2295
10934
11741
11335
11607
8298
11141
1538
5982
10369
2379
2312
7441
10243
10668
5267
7715
4796
3505
2510
10747
11000
9645
7840
9667
2536
7731
11138
7375
7361
5362
7314
1031
419
8462
8288
11795
6711
5851
8614
11139
5714
7000
6260
1080
7255
838
4841
562
7736
1476
11326
9783
8220
4617
8604
6653
10364
3772
974
9204
1960
11731
7217
7187
4679
5575
4071
1021
6939
1552
11883
4208
1347
5090
6335
9674
10138
772
6530
311
6556
9257
1917
8156
6569
4716
9532
6746
3266
4365
5210
6239
497
162
8821
7054
4037
60
8896
1033
6714
280
3511
10329
5751
7837
3021
1179
1841
9241
2530
9510
3277
5459
10256
380
6595
10444
5381
7565
7870
6840
3339
2691
3712
498
834
718
3010
6465
5263
2668
3800
3077
11757
9939
2451
10621
3938
10495
6944
10649
5613
10867
751
6967
507
2733
4046
9405
4409
9291
2739
4050
4
2676
184
8056
1660
11109
6785
5065
7607
4024
8249
6094
8466
8370
6778
3030
11938
8330
4076
5401
9736
5521
7205
9834
322
1314
1166
2610
9759
296
6406
2222
11307
1542
8767
1063
1640
10535
934
9130
3997
1347
9025
2596
8136
7274
1329
3612
6832
3568
983
3341
8886
6293
10931
5950
41
10672
5991
6079
9688
3511
9242
5410
3522
6446
1400
5268
4201
7337
3351
6871
10533
192
5300
6973
3733
10030
7228
9059
3857
10854
4903
4455
9051
7603
4350
6856
3859
1737
9565
6393
2282
6861
980
9761
3598
574
11783
6834
6211
5535
5077
10499
7091
2947
3766
4173
3389
8371
7966
11550
8713
7102
10526
1598
4539
4958
10698
11676
11142
1379
9396
11891
4311
2782
5847
1790
6066
4396
2320
6645
315
2493
9479
2212
10475
5696
10027
5830
8290
7245
1979
3587
635
9102
5730
7171
5659
299
7962
5838
10275
9040
592
7009
1734
6397
9000
4239
1268
9611
11159
882
1876
4630
11823
1740
4560
6379
9656
6431
2890
10063
280
5444
6509
5929
6549
6540
9566
11373
8274
977
8913
3462
534
6488
2232
3840
4554
5222
7158
11183
320
1020
4370
8799
11921
5776
8199
10297
511
9449
4536
7950
9177
4951
8193
9987
157
4940
9064
8729
10903
9275
1587
8952
4520
10252
3987
11928
11170
4857
4317
7372
8623
4456
2458
299
4946
612
11412
1372
6949
1530
8593
10205
8513
6350
2300
4496
732
3576
2462
8515
4813
9567
3692
6107
2123
7695
10010
5884
9459
6938
7597
2550
1832
10889
8430
3375
6709
1948
2395
1482
11886
166
4631
8530
6773
2078
1890
6437
4856
9219
9603
63
8951
4944
4865
3009
2179
10040
5297
7806
4002
8798
4618
10850
5712
4883
2228
1887
9471
1676
4703
5878
11935
8480
7760
5758
10872
4923
7798
11828
9332
6530
1083
4224
11386
2948
3894
9471
4821
3992
381
7890
3315
7513
5847
7875
10761
1467
5072
9519
5044
2184
4070
2804
5914
9628
4320
3416
815
5561
9406
339
11123
2344
3755
1787
2297
9261
1839
1290
4739
9349
6977
8654
8297
3583
346
11724
11640
8500
5828
11570
183
2116
4690
11800
2766
8009
4370
9277
716
1980
1525
1947
7625
11765
6755
1465
7520
8591
6709
8562
11314
5569
10244
11816
8260
7925
3027
10625
4082
10998
3709
4332
2228
8679
7479
5346
1356
9553
11713
3463
6344
6645
1934
11695
8794
11775
7245
3133
3441
2683
2900
7559
4884
11329
520
7829
3163
3436
2156
5032
11434
2857
3939
9656
7179
7115
2467
5750
5959
9979
4632
3184
11200
2796
306
6387
5902
7117
5357
7498
724
11479
4187
5764
1118
2086
5520
692
9786
7013
6633
5394
7408
1442
2361
255
127
4000
1714
3909
9269
7435
8620
861
9322
5383
10230
2954
5242
481
6198
8035
9501
9095
8286
5551
421
4979
8814
10248
3987
546
2079
545
471
452
3091
5188
66
11596
535
8788
9865
9734
11729
11857
11001
6632
7596
442
9969
257
349
5101
9856
10575
6866
4490
11004
9165
10294
6166
9916
10472
3107
7098
4435
307
8548
331
4105
8785
8966
11557
2776
9967
6587
8273
10208
3348
5866
8390
9287
4816
2774
9611
7889
6386
5193
1211
11415
10742
8221
4993
5735
1275
8232
1954
11544
4755
7329
6170
2249
4915
8691
5374
10197
2314
1629
6721
4980
6191
3427
690
945
4083
117
4514
9443
8469
10809
8292
5899
4788
2455
2573
9129
223
11554
251
7067
5928
798
4754
10164
2808
11794
6625
7828
6812
3500
7076
9897
6748
9707
2978
5570
5996
3853
11414
4492
9308
10453
43
11819
5130
6712
6720
7799
4951
1157
3307
4784
1783
782
11674
3295
10050
2328
11860
10314
3016
2555
10398
10356
7777
6550
7386
1743
4737
10770
618
830
4203
7441
8498
7212
6301
6835
1595
547
4041
11813
7636
5034
5507
3878
3891
4478
7350
4759
11610
2539
5330
11423
7124
10567
10528
9880
11646
8203
1014
8954
9762
6319
10565
3169
1823
3809
10639
1149
4229
546
8439
8758
8540
1533
2257
5338
5060
11844
3288
9125
3062
11657
9470
3596
11242
5015
7006
5574
2738
7370
10349
1559
11268
1489
8527
2362
4469
7486
1094
1290
11104
8008
1414
8237
11141
11006
3395
9309
11887
6471
8716
2581
686
6298
11409
10613
2275
215
1662
1842
6650
1537
6604
2333
2833
7865
7053
7630
2551
7832
9190
4653
1936
3976
1337
1596
1397
1568
4287
324
7736
5722
2965
10843
7589
11666
2638
8815
9955
8637
614
11250
11386
4260
5622
10466
9135
10075
8067
4947
3467
11138
1617
10267
6810
8120
11957
10617
11375
10871
2185
7843
9284
4688
8888
5675
8126
5924
3321
6318
464
2588
5592
7705
214
10533
1167
9752
1954
10027
3253
9020
2836
6865
3533
8743
8865
4107
5023
7095
9334
6296
10851
4269
5942
11679
6873
5434
7007
2500
118
9573
10187
2951
3289
4027
7443
11578
7100
6035
813
11805
10406
4637
10038
1528
4477
3654
7050
10868
7097
7434
5136
5846
4691
11095
8211
6041
4636
1786
5643
4007
4138
2729
11163
6132
1453
10604
5619
10999
9376
1449
11573
645
8699
5802
4372
11468
7813
5580
537
10153
1319
423
4800
1446
8188
3925
10335
2387
3172
10657
998
7264
3672
8814
385
7733
6360
4161
5499
11087
639
10795
1533
11447
1368
951
8756
11519
1866
8525
1201
10428
5359
256
393
2459
11810
4090
829
2914
4823
7938
3572
10884
11652
5959
9988
9855
7517
5964
3663
4374
11102
1680
10378
1126
10849
3609
11449
680
7503
2524
1302
9794
659
2283
369
10090
1098
2683
11889
6360
7863
721
7641
3366
9299
617
9157
5479
449
3203
9139
7329
2144
7370
95
9224
9689
11714
6375
1784
8600
2158
6637
3119
2232
7515
11931
1893
4919
10476
6336
2474
7209
8706
6393
1754
6376
2760
1163
6111
4360
3097
9804
10019
10665
9870
7681
7983
614
1800
10658
5605
6250
3606
1946
7479
2690
9156
4203
9155
333
3424
718
9356
10576
11722
4152
11509
10343
311
10360
11228
11638
3586
124
10608
509
5616
467
2225
8010
11486
9806
8483
7016
5609
3680
878
10581
9434
965
8501
11665
2892
190
1361
8178
1883
1146
10826
6580
5323
2768
6866
2478
8530
6569
9949
10529
9027
8826
8928
2217
4824
1519
5317
470
6619
11844
8808
8852
1265
1356
2034
11846
5572
11445
591
6929
11051
3235
1582
340
4792
8632
4116
10998
2173
2485
8061
184
2556
2778
2129
9833
6314
2089
4447
3480
7263
9321
8441
8676
3869
5446
10507
9488
10363
3990
8473
7602
3981
2071
372
10474
2289
7731
10424
6224
10488
5221
8357
2022
14
4342
120
6444
4009
6368
7430
9075
650
7796
6772
809
1107
10358
11862
8819
4358
4550
9506
9081
10421
1754
528
5946
5163
8902
4081
3521
2837
2366
11400
7695
9455
4850
8201
11288
3399
9144
3629
3818
1520
8104
7343
11495
7174
3264
9862
10644
10136
10632
1120
4265
5367
7792
6231
9769
6201
8437
8818
4300
3338
10466
7227
6264
4145
819
9848
7023
6042
11861
8776
7649
6405
4714
6909
8961
1482
11048
3248
10037
5702
865
4261
1320
1095
1853
1244
1370
2641
1155
6769
4887
3370
9111
11569
6980
4872
669
6137
9909
5909
11324
812
3644
3228
5565
9873
221
8563
1426
7015
5789
4548
4852
2694
4088
6298
7301
2100
9329
1508
1301
8704
10820
2601
1119
10622
10008
7273
6003
3360
1104
7532
7279
9101
10240
8265
8166
7008
11293
6197
7331
2784
9741
7302
4742
5975
3390
11330
1100
8498
5362
1257
7758
8884
4216
3292
4224
6903
11030
2856
10682
6880
578
1171
3635
11293
5968
7490
3048
2654
9958
10692
10269
942
7883
5151
3610
7948
10429
1877
11447
3914
10562
8434
5202
7521
3383
4629
11805
8239
740
4921
3029
5903
6416
8126
4908
2963
10769
11033
8296
6559
7355
1333
8485
4357
3578
9092
1429
4345
7899
1190
10248
10833
2532
5588
2055
7515
5252
9642
7577
315
9861
527
3849
3647
830
10722
8063
2304
5701
10978
8618
4663
7874
2906
10687
4090
2302
4936
923
7186
1786
10505
7204
10906
892
802
238
9974
4901
6381
9338
7054
5406
542
3449
2085
8272
1489
174
11962
10642
3923
10897
1818
8701
713
2095
7616
5820
11104
6767
6411
3231
10866
10736
8666
11215
8338
10222
7654
9052
500
9603
10332
1873
5500
5418
5270
5321
11265
9726
276
379
1566
4289
6396
10385
7989
3705
940
7863
5344
10197
2072
1678
8534
6990
7812
4384
1141
328
11071
3854
6578
4600
10106
9572
8123
4351
5796
5486
6245
10548
8707
1637
9367
799
2481
9634
10642
2594
4273
10899
4699
9330
6700
427
10855
1923
6829
8851
7298
10627
4405
1342
10011
6268
1755
7643
11888
797
10692
3203
2897
10674
3738
5554
8404
1935
9709
1363
2997
6828
4067
9812
8071
5706
10589
57
9019
7348
8103
4684
2923
9089
3611
5938
7652
8501
7732
4088
8270
8039
2090
620
3834
5501
4974
41
6599
2772
9635
9226
11312
3900
10743
5855
2709
1600
4413
1565
9861
3939
9321
7088
8645
6918
7623
10924
3135
10854
9112
1921
9194
802
11433
11821
8242
6810
402
10987
3140
2227
8105
8553
5369
4951
6880
2327
9788
7097
5729
6427
3609
9846
4132
418
2307
2967
5163
8849
482
5331
7707
5369
4280
11793
8823
5129
10575
10187
4442
10653
9217
3087
11793
9429
10306
10847
9811
6528
494
2040
5150
7063
6443
975
7438
8390
2778
5207
6652
9317
1088
10048
3954
2437
3659
1465
9671
4261
2851
1270
7291
2212
3823
8365
9104
5009
289
10426
10563
10975
479
1634
10630
2484
175
9940
2075
7361
6334
939
11727
107
7469
8785
9712
11879
10168
9022
2124
8613
10404
7326
328
8163
7301
4944
8186
9731
5481
11402
4260
6295
10853
7034
8974
6104
7450
8199
5406
11797
9795
7575
438
10281
9565
4842
11434
9829
5107
4643
2876
8877
3461
10118
8598
7263
5237
4957
8707
1581
10735
7444
5931
10444
1042
11237
5674
9893
5470
10638
1547
360
2364
6526
5478
8257
36
7247
5299
7299
3855
8492
8905
3552
7707
9652
9112
2971
3860
2807
7807
10740
10053
157
11307
7490
6555
7494
2797
10944
9841
748
567
2174
1149
9892
4787
10584
7767
10212
5311
5571
8577
9758
5961
5955
5976
10602
1634
3707
6038
515
7586
3228
5248
7688
6201
478
7443
8194
7565
4268
9990
5892
2485
3225
6684
10254
369
977
8584
2349
6179
5771
4317
6717
750
9786
3634
3630
10121
3683
9358
9060
640
11848
8245
5432
1704
8803
11183
5916
4733
4815
945
7996
3898
10143
11659
96
4307
1458
2445
5134
10930
5726
10646
4236
7149
10473
6491
323
512
6839
2449
159
3725
11326
9815
11827
11372
725
10146
1433
5904
11371
11750
439
3641
3988
3422
9853
5583
701
10873
6315
4129
2305
6945
11248
4602
6612
6057
4429
252
4764
1394
10167
10172
1568
10554
9883
8346
8985
11490
3165
2652
9573
4698
1433
3430
8698
6635
9482
1143
10135
10048
10088
2531
5750
8530
7660
8297
10590
5455
11663
6032
7253
742
5937
2083
9459
9458
11702
11526
2257
3041
5355
11379
3265
6975
11366
11766
11447
1092
7946
6017
1252
11446
4105
1933
10435
7228
8293
2830
1196
11009
6511
10321
4615
7297
9745
10452
6555
3924
8839
11906
68
3603
11111
4714
11554
5835
7809
476
6478
11357
8450
9439
9128
8592
7955
753
3019
11988
10494
10588
7170
11572
9840
2481
5908
4055
9114
1413
10011
8402
5298
3620
2835
10798
11926
11222
333
8049
9072
44
2019
10860
661
5319
5638
7136
3176
4870
8563
3342
4188
2089
2148
8570
7030
9607
10338
1147
5360
8776
3416
834
8378
8320
11492
11076
7836
5641
2214
2661
1078
4283
8091
9091
1736
3307
11939
10684
2637
1885
9214
11197
10306
327
8565
1673
7749
3236
4821
4930
6200
10098
6614
7030
5093
2377
2010
7625
1692
11576
9617
5083
9367
9917
7865
3382
5854
9728
7459
1367
3558
10892
6736
11542
11189
11916
9051
5427
10593
1087
1295
2079
11318
3511
10969
5892
5494
6131
3961
2450
4794
9526
5106
6600
10775
2436
6273
4731
1980
10298
1226
9573
6840
7783
5965
6125
6072
1162
1848
4910
5838
8553
10902
4071
10829
4203
4677
8223
11569
2195
5157
7987
6747
9721
2412
1342
9658
2759
6039
196
10246
6701
283
11130
4389
6529
10458
3637
9360
11062
6321
11885
11536
2744
1101
430
6338
3778
7869
1916
4346
4860
2339
11488
6787
2292
1285
6899
7428
9335
8384
11941
8319
8012
5628
9643
9107
8942
10714
5283
2817
6053
1769
9157
6891
8287
10584
8007
4312
6671
4359
2605
1973
5858
406
7052
6165
8027
11263
3578
1113
5994
3263
11667
4171
3277
1583
4522
3812
11235
9649
554
11246
3561
4454
11656
4515
7091
8892
4328
11220
2280
6341
4936
1894
11578
5218
3724
3062
1857
222
11655
6525
6420
8984
2978
1295
10339
10105
1581
5534
9651
2883
1280
1147
10967
5930
556
9020
4807
4188
6370
11577
4608
11163
2591
7761
5688
6604
4180
8201
3292
7496
5038
7028
8007
2896
3974
4079
8769
5117
7430
739
7475
9333
3638
7693
3234
4058
1987
8250
1840
8316
6956
5644
2218
11983
7048
11386
750
7863
9591
5107
3934
5631
7747
5986
8122
618
10354
8814
6589
1889
1163
7929
4534
8266
11395
7368
1376
505
9507
2625
10944
8257
11736
10608
60
3203
10870
485
5011
6311
6378
247
5820
5449
5978
6220
318
11530
11227
11568
8009
1863
1360
11170
3600
71
11097
11535
996
8685
5983
10294
7246
11213
2970
10602
8648
8380
3358
4758
6872
11137
1024
6170
266
9607
5576
11956
9673
11508
10837
986
5210
8756
4135
8996
8470
6670
10253
4839
2722
4888
43
3451
5676
455
5672
2557
3011
5854
11218
11057
5491
11591
2542
10048
700
4064
1088
1215
11375
10381
9459
6416
11620
8812
11589
5185
4699
6117
1362
9939
2125
6335
11964
9301
10478
11728
8532
1134
11809
5677
11943
2298
8951
3327
6056
2284
2246
279
6230
7857
9827
1464
8234
9557
3100
6098
7519
9375
4723
9775
1630
6967
3194
294
5636
10184
11304
1133
9811
11713
4694
5196
4210
9813
10425
4589
6625
5346
7996
591
7230
6063
10553
6169
2093
5326
9331
75
9416
1089
11763
2385
5826
4025
11038
11057
89
569
5263
1923
2712
7289
9718
8064
11686
10630
3916
10899
1487
5607
6034
8717
4396
9659
11782
2453
8273
2814
544
8316
7731
650
5039
11661
4597
9690
8267
4227
1806
7338
5911
406
2072
4730
1813
6605
4567
8306
8005
8791
291
7167
1500
821
8692
2106
7421
7982
7402
2890
1366
3270
7895
7520
8250
4777
265
1985
5206
2978
11767
2241
5138
3368
11238
5161
9671
7127
3001
8091
4567
1084
11060
10925
9997
3818
9003
5105
6546
9035
9100
2005
9897
6416
3365
9510
1832
137
11155
2639
5651
4560
9640
9856
7766
7423
4152
5130
9919
610
7520
4486
1974
10023
9428
6933
11451
1202
2756
3970
10266
10573
3338
10756
9452
9981
6258
3776
1069
4623
8102
3819
6934
1137
11989
8908
6679
2814
5376
4608
8659
4209
11489
9240
919
2331
3960
3164
9304
5039
5363
1395
2280
3002
10200
9370
6805
6640
10067
3634
222
9793
3255
11095
2355
4171
11635
3690
5256
9385
4626
5648
11221
2249
8910
6323
1773
348
1811
4390
1465
3846
10412
8102
593
2805
8332
6524
3222
7726
7130
9504
3439
5890
11066
1687
3806
7232
1620
348
6109
4421
5956
3293
11291
11342
605
9468
9869
8142
10106
3478
8242
6394
4227
8353
11720
7746
6616
9326
4357
8475
10557
2733
403
7511
10146
7088
7818
9909
2094
7176
10763
3349
6024
5260
9783
1924
10209
8568
11722
11477
7553
11025
728
7281
8460
5286
3362
4773
6545
979
1044
4250
1711
10143
7934
738
9220
6822
4749
3790
5204
10705
7525
6909
11026
8224
6494
4622
11374
6985
7416
10518
2235
8474
7581
781
10108
7227
7921
10723
1930
10671
9784
1104
11332
153
8676
9577
2036
3420
4793
10351
3386
3674
9120
6593
10935
766
8804
9169
8792
9141
2988
8500
10941
630
11093
1523
8165
7011
8012
10079
10488
6567
4005
5666
6929
6687
219
208
9797
6998
11844
8571
8724
8937
6511
11494
10059
10089
2909
3665
9588
1246
9562
5972
4315
6824
118
5095
4861
11681
10340
10238
527
7359
8783
9362
10152
9493
5172
11481
908
7289
10304
6936
2518
11936
5670
719
5378
4582
11997
8626
11956
3722
5300
1464
2248
2901
2163
2061
951
4859
10288
4418
5154
1754
5866
10564
8447
9760
9925
5706
8701
11625
11618
7624
4053
10885
6650
8032
367
8856
9656
10328
8398
7707
8944
8678
2393
9377
11520
5672
6535
7828
11457
5489
11590
1469
745
10238
11976
4386
8001
2854
2955
137
4350
9199
11684
10811
4543
8190
10375
4740
5633
11750
4789
7959
10626
5986
10562
9358
2800
989
10049
1999
10029
10382
3055
619
5922
5986
2585
10848
9853
8114
10923
3742
680
5971
1719
1894
7911
11371
8893
6285
8718
5761
4285
4193
861
4430
1302
11587
6041
2288
10426
7986
9031
830
240
6504
11848
9365
1221
5182
10444
8624
625
6155
9044
1494
7138
3433
2536
4494
9735
4024
5265
4845
8826
348
1525
4656
4362
3586
7085
9285
7428
2752
10116
4227
7934
1850
11726
3003
5505
5152
9730
1446
4464
2581
7190
10973
10233
7402
5334
5672
6454
2409
11072
4718
10176
11822
1247
4907
11922
4751
4833
9184
5749
8189
10199
1636
6765
3138
5865
759
11167
3722
2932
5655
5117
4895
11842
2988
10384
10572
8868
1919
10625
8387
4429
8008
8452
8154
3950
7363
1825
4623
9
1060
3744
2253
10549
2146
4336
1703
10478
3919
6709
5697
8885
840
11628
9390
1963
8007
7035
8691
8998
10934
7354
5514
1005
894
9592
8739
4054
9213
6764
4966
9498
5718
6169
1524
10961
1090
4764
10443
10735
11365
8149
6087
58
4668
5424
7013
1095
3154
9231
5475
10640
3889
11062
10852
3893
5333
1970
7055
1420
9692
2279
5975
902
9306
9908
5494
511
7561
8677
9874
1921
7326
6293
353
11830
1687
8414
5225
10472
8592
8703
7296
9368
9844
1448
10098
9367
11889
7941
7681
5411
1508
8357
11239
8673
5332
1350
1462
5044
5531
5022
10401
10488
7326
2088
10836
10142
5533
7242
7997
5924
7462
6335
10094
9711
10916
7013
11866
5000
9685
6533
4413
5648
11066
7035
2233
353
5383
161
11866
3811
7226
6396
10043
11912
5128
34
8130
11461
2739
7047
8838
5421
7544
11011
7633
6603
7076
10881
2432
3355
8135
3430
10823
3878
4833
3708
2865
11897
1784
5659
11270
5569
3052
3827
965
7045
5761
8152
10992
7359
7004
8426
10087
3832
11177
8895
2221
4927
3705
2064
8679
5574
9321
7037
4387
538
861
2557
5909
7357
10475
519
3676
8641
7284
10966
2755
10082
5422
9404
4963
10465
8828
3078
10053
1625
2687
3912
3238
3616
10661
5381
2580
2652
10976
9596
9173
6431
11154
2514
774
5184
3716
3545
7617
439
7734
6554
11448
565
9808
7812
2813
1726
11607
10896
6532
1700
3932
10672
3072
1281
3278
7988
8810
848
4592
4281
10561
8393
7429
1583
7883
5815
7015
8965
8505
6840
2007
2995
9896
2641
46
483
10884
9994
10386
5852
10183
1709
4069
3885
511
6615
1815
2227
4846
11032
5180
8391
3947
10189
5369
4391
10021
2359
2935
2655
10760
3831
9721
7924
4696
11177
6922
11629
3834
7866
6960
862
7923
40
510
10802
2247
8916
2373
1652
1955
8838
8041
3930
10295
1278
7442
8111
11355
8562
9369
5371
9906
10313
1923
9522
4108
5266
4938
5910
9637
1954
6102
3081
6411
808
1610
2387
11485
687
5435
7852
2318
7376
6492
1830
10025
1872
340
5018
3311
4349
2449
11854
2683
5409
566
8704
7719
4097
5744
4594
8871
11412
838
2194
11091
6755
10670
2340
6307
9754
4573
3406
4691
6504
2582
256
9285
11512
4740
1886
11877
5580
1923
10571
4296
3283
8376
2355
974
6216
10560
11509
6726
10791
10502
9132
4848
203
3087
3321
1150
2409
7503
6799
5140
291
3262
6906
3023
8522
1797
4492
2722
211
114
2758
3803
3636
3244
2495
6276
1884
4576
11924
2949
3596
7609
1772
5158
6518
6574
9255
3442
11728
10934
1699
440
8597
9175
5866
7979
505
3739
9083
777
1254
4995
6451
1113
183
1590
5080
9069
7857
3026
2530
1447
9017
11140
134
11096
2678
7602
1664
3236
6660
6005
5501
10177
4114
5476
6467
9054
3257
4363
6941
6943
1433
955
1222
6823
9521
6266
9553
10735
3739
9019
3987
4306
3234
6889
11854
6955
5056
7485
8442
4470
8537
6352
3410
3059
7534
362
6329
5962
10014
216
6855
9960
5119
8859
1555
1191
2677
2237
9919
5867
8653
5407
9627
4169
11769
7758
2679
11714
11496
2805
2408
3117
9409
5451
11894
1107
3356
6317
9600
11380
11229
11334
11404
9639
1486
6634
9519
1374
1400
11522
10805
3432
5469
8386
5678
2672
11381
4983
11477
2306
5762
3260
9246
5550
4402
9547
2396
2629
1938
11888
8076
8544
2922
7833
11841
3617
2232
7370
2541
4145
4780
7790
6920
3720
11710
9031
6336
1835
10151
8838
1214
6959
6530
2422
7825
123
8000
4435
5593
10028
5122
1720
7281
11411
10967
11126
6330
2041
6771
9600
3777
10754
6856
10563
11148
111
131
11156
3302
6685
5253
3937
1604
9516
10748
9225
5299
9242
3294
8071
7072
11213
11874
2410
10500
2735
6907
7456
3242
11091
10097
10864
4767
3511
3709
615
4404
6882
3041
7211
10995
4364
1731
7403
7164
11837
7300
4119
3066
3213
6112
7628
5223
2315
9732
1543
4344
10713
8039
2171
166
11253
10119
30
9499
274
4386
3326
2230
2756
3469
1456
3642
347
4243
5289
3161
4231
2574
8901
568
3290
3867
5
6304
2827
6269
5878
11329
4246
9393
3500
5506
1120
7209
1614
4169
1369
10472
7338
1859
9914
1593
6825
10513
7150
10892
4573
8848
9613
9741
7095
11363
5571
8226
5398
7359
3696
11074
11866
5651
8296
3629
1654
11794
667
6027
1795
8830
4878
9733
3185
10386
5448
9562
6104
5259
7913
479
9645
8949
52
1943
2353
1614
2670
7562
8547
3865
1023
9381
9430
8898
3637
110
2013
4169
9223
7809
546
6380
8599
7596
8278
4213
401
6628
6466
10941
3760
8322
6013
10427
6336
7774
11766
2158
6590
6758
5041
2146
3291
7291
2927
3074
11039
2024
3525
11291
8331
6335
2991
6729
8023
8082
1853
3137
3481
1611
8907
3033
9223
5961
4367
11511
3572
5143
2732
2517
9142
5963
10243
9934
1033
7224
5001
4168
7500
4208
4019
478
4712
8953
5933
8424
4977
1194
875
3721
8006
7683
2199
2709
4018
8487
3657
11997
3573
4375
8597
8600
6748
5643
4925
2416
4620
6959
3143
6663
1503
9721
4010
10436
8357
931
7970
8637
2763
10921
6371
3650
4345
8000
11882
3748
10421
11888
3566
8864
5510
272
6101
8716
10771
8125
580
1949
1769
2326
4335
4946
2075
9239
10958
4353
2020
10032
3824
956
7720
7458
10601
8896
6424
8373
8583
4666
5940
4473
10819
6709
10059
6487
6898
11140
831
1650
6491
2664
3299
11712
3683
1439
3238
31
3908
11403
4649
3254
11100
6362
9164
6761
6657
4470
6311
10904
3027
9643
404
8437
6666
2896
522
7904
6510
2004
8707
9408
3558
4871
8255
10336
11368
11490
2722
5156
11151
9779
4825
3431
10666
6601
10938
5011
7024
9977
4969
5819
9906
11851
6231
3864
5609
1636
9316
5566
6191
9680
11813
3195
6921
4459
10689
3180
10305
5933
5013
1307
1811
6032
8600
4472
6269
9215
8504
10771
8441
2045
4291
10292
10663
5934
5474
7095
6467
11270
10272
5031
9047
5484
9128
982
10057
8811
9452
11542
10580
4309
8546
1815
7284
8052
1449
10813
5915
1551
1769
10173
1729
2389
3640
10037
10328
8649
2393
2949
6461
11178
1119
558
6826
7933
8720
4421
6729
5241
1060
3443
3
1263
10061
10540
3287
3412
4880
3274
3174
1485
3217
8614
8042
982
8845
7187
7847
10191
1505
8023
3994
11299
10952
9670
622
9558
9601
4125
4525
7466
8751
2007
2035
5838
11097
2095
5887
2884
1618
8659
2371
8077
596
11490
7962
4980
6885
5186
3993
8147
9756
3360
8670
9990
9181
10373
11173
11978
4575
10897
5786
3793
366
7446
4072
8198
716
948
9680
11319
6963
11756
6293
1988
5622
2724
4660
8514
325
4662
6418
5675
11823
5269
10733
5670
290
10621
5908
5295
8846
2613
6226
7331
9735
10916
8614
2411
3177
2637
1934
7234
2390
5673
11074
11716
763
3168
1085
6005
9201
9379
8053
9707
8351
8328
7852
4569
11612
7043
4063
4920
5138
6462
6140
10036
3934
3029
11984
7953
5140
10096
7006
7865
7552
6686
652
5123
6983
8906
6391
6816
652
7517
3591
7493
1550
6544
6494
9200
2542
8491
5001
10842
9519
7551
6105
312
2742
2237
10635
813
5361
7377
1667
4943
3220
10846
8760
11252
2270
8727
2632
11193
2362
7864
1548
9550
4577
5983
2311
5762
1021
4969
9208
11271
5385
9805
2223
6562
11412
5167
9467
2481
9540
10723
8577
2873
1815
4031
10730
9547
8068
11739
1396
946
8576
6503
11944
3515
4253
7913
10987
33
7565
1393
7182
5429
10852
5115
1504
11591
6907
5537
5508
4435
10033
10458
10557
10922
4876
9043
4933
1020
3901
1321
11645
8255
2498
6304
11199
11103
5444
7426
7855
7714
4449
11895
1712
9302
2660
11134
787
11898
10992
8422
11370
2854
7420
2571
4890
3703
3640
2992
6639
1051
7437
4405
3977
10389
8099
6421
9364
3054
924
9855
9750
7865
9501
7439
8642
9600
7021
5673
11209
9232
1494
177
8528
2238
10569
5705
2652
5428
7038
6536
3146
2716
9209
5555
10907
8424
5607
4731
11629
6108
3112
3380
8453
5721
7399
5741
7367
9734
1092
11632
7400
1981
6418
3703
8859
8207
220
201
9256
9397
4803
6352
4155
11764
1123
9912
9336
3884
2035
5575
620
5853
1291
9075
8254
375
8864
7204
2533
10588
7499
9704
8691
6228
10120
2892
10351
11789
3065
9598
10720
11021
9866
1468
1893
7638
112
11992
11746
5140
5995
9707
2869
4198
3307
4210
1927
1830
782
10698
10398
10967
5863
196
1390
2538
9499
10308
5647
2061
3332
8188
2218
6321
7288
4928
3534
854
740
6054
9471
2677
5426
5340
9134
9289
2378
6629
707
11867
9749
9457
2167
2825
5948
632
2270
9811
1551
7219
9377
3105
7938
5272
6826
8308
8593
9808
10424
1256
6948
11030
6451
9410
6669
2798
761
6780
4046
5215
2327
6282
10296
6831
9171
1000
8751
11769
1926
2978
11529
1453
11591
9791
8437
3813
8770
5547
984
7264
9960
2848
3346
1149
704
10224
1279
7797
379
8946
4698
8372
3877
1638
5852
11446
7832
3495
7810
3739
10890
140
4108
5254
9286
6810
4418
6968
8184
9546
913
7747
7458
6578
6003
10990
7948
2675
8301
6212
632
5023
5522
8473
8851
2341
3428
2811
1768
1434
922
4016
783
9413
5982
1426
10626
4422
5229
3140
10831
8676
3233
3791
1482
3923
4428
1885
7514
3039
8282
7473
11476
9527
11225
2561
9829
10680
4693
10802
1576
1813
3964
11407
5399
2976
1696
4549
9950
7096
8795
11261
11916
687
9996
9366
10819
8662
8447
7231
6638
2695
747
9807
9874
10735
6997
3489
1341
10742
8658
9935
572
4268
2410
1961
10248
11314
3512
6706
7136
5218
8878
120
8050
1276
4597
2702
6098
11695
8882
9127
10477
8448
10948
5745
9112
9017
3177
364
2273
3281
9568
7654
3495
4756
4490
11156
262
4655
4970
6991
11498
9466
971
7336
2949
11266
2753
6377
5627
1330
8871
3594
4602
9533
7240
5133
6152
171
11577
11446
1140
3166
5699
11626
718
9023
5918
7651
2771
4362
11065
4942
2529
2003
6391
4258
7401
10291
3283
1340
706
8627
1476
5691
11577
4915
7387
11221
614
3064
3049
9396
9019
5904
2302
9297
11638
4515
6508
2475
11605
6232
1546
8932
11049
224
9940
4985
8962
2979
3376
443
8810
5030
10155
1103
3311
4918
9026
4030
10392
7572
2813
8505
10296
8156
1461
6094
10400
1715
1526
5567
11631
11628
4352
8485
10373
984
136
8481
5461
7304
6139
1786
7769
4704
1410
5272
7135
8441
4224
9500
5344
11315
9977
8762
5905
1206
205
4596
5523
7811
10818
5972
9350
2524
8640
10245
954
5228
8405
3759
8933
2580
4025
9453
4529
9267
2539
525
7661
2513
7738
6851
4579
6313
6465
234
6954
5361
10826
4600
2546
10855
11731
10813
4764
2841
10893
9656
1740
1489
8033
9686
8887
7420
7149
3592
1142
9013
844
10400
8477
946
1364
6087
6053
3626
8249
10654
11077
3202
879
8719
11872
6355
5804
3087
4599
8890
7212
6866
6303
9308
6190
2443
8717
11795
1948
1183
11342
8633
5256
9957
6804
3696
3505
764
10218
7563
10821
840
488
1629
6432
7947
2
7548
211
7292
3611
8209
2560
6343
631
11263
6658
6081
11565
3406
5897
9670
6812
3187
3043
6832
8693
10494
2262
3734
7285
3871
4137
5919
7094
2645
6531
8769
4892
2453
3307
10363
5834
9395
10318
8139
6743
10608
10335
11436
10139
1697
345
8816
1219
11767
3776
5558
7300
4592
4198
8968
11244
6554
11337
4020
6612
5535
3033
9861
6577
3665
9400
3485
170
5748
10202
145
10084
7490
7499
11553
6809
9695
7408
3315
3592
3514
2725
42
11237
11260
5574
1768
6673
11376
5641
8189
3972
2831
10248
2347
3943
8582
5053
1336
3774
359
4487
9775
3810
3369
4329
7347
621
6333
1552
897
10990
11214
9621
3905
11293
8500
9017
10120
4425
4821
8781
4718
1388
10840
10292
5767
5568
5768
4128
448
7914
5985
10009
4151
5077
5562
7996
11543
8090
1998
8320
8975
5691
6665
5684
3438
751
7820
9604
3614
11159
2206
4442
5978
4879
5743
5664
7948
2241
7177
7300
10632
6451
5749
597
5023
7168
2439
10730
10496
100
3976
3490
4433
3665
11262
4134
5606
4671
1338
266
3260
10689
8893
50
11797
10162
1895
4721
592
3213
11454
2317
3652
9724
5112
5855
10905
10217
11462
1270
6883
7056
5597
1147
11579
6645
5761
2606
9020
3602
3056
10128
10999
1417
11720
9818
11572
2648
4278
10827
2758
10346
4028
9791
3081
6953
7966
2970
11802
1522
9994
2468
11091
6017
7393
11022
2209
11467
1158
3058
1124
2475
6594
4761
7523
11700
11058
6487
3626
7749
3982
10064
11361
7642
6166
9502
11626
2623
2458
9354
6358
1407
3175
2872
900
11739
3017
6143
2647
5591
4386
7573
6131
3470
2853
10666
244
2949
11087
75
7307
10589
2083
3207
11222
5506
6240
2574
6235
10209
1538
8884
7105
10678
8817
9749
4203
515
8105
819
2065
4380
4295
7899
5276
6527
6957
6374
2302
3714
6579
10523
7276
1189
8426
242
10234
8966
302
9939
8209
11891
9575
5916
2255
1018
9244
9857
27
11452
4501
6926
1795
6432
4235
2408
4532
7011
2190
1778
7701
7629
8018
11692
1345
6592
8439
9045
671
1802
10516
4433
9311
8313
5600
6789
7603
9934
6140
1183
5416
9258
832
659
1792
1605
7137
3968
8526
9021
2971
3378
1613
11275
3585
1120
988
8114
8286
11317
4218
10993
8199
4364
5722
10328
831
11572
10019
11831
10950
7955
6375
7761
9855
871
9502
3695
9085
3944
382
3025
9065
1513
3161
4384
10642
221
4115
3999
5330
6070
10303
6720
8473
8936
7989
1843
2009
4236
8818
7960
10509
7457
9036
5398
7334
11053
4239
5924
2931
162
4953
4676
5068
9403
1839
5008
11515
1285
8026
2028
10824
2619
7682
5147
7072
7977
6341
9838
321
370
7667
8279
2340
8461
1225
10268
1096
1258
1609
8006
9079
2899
5138
9945
11351
5581
5825
798
5935
5502
3812
3996
8851
9832
6742
2886
7567
3283
3773
3245
940
10377
604
2422
9794
8283
7444
11271
9978
6369
10974
1690
221
10943
10430
11444
10527
10371
2277
3023
7778
746
8485
3444
7017
10530
9297
9060
7930
7562
5201
9461
2990
918
1407
7866
7288
1935
4833
1403
7535
9847
8259
4932
3226
970
5008
4825
7607
8928
11533
327
8
10255
10770
10550
5755
4493
6854
4347
6229
5235
5558
6441
11290
9725
8145
6983
475
4013
5955
8893
5756
7696
7564
4776
9569
5592
11708
6253
2389
6217
7406
8298
4374
10831
2270
7688
4672
2380
10376
9261
5524
3408
3839
10894
7365
6657
11078
10689
3104
922
3982
11088
5429
143
3757
10633
454
3534
9431
307
2698
10433
5852
7836
1311
1360
4190
1677
9034
36
10765
8479
7212
3782
1632
5574
2339
8710
6674
11691
7481
2648
10935
11128
4621
5080
474
3917
11997
4366
4180
8367
5997
9645
4555
6496
9782
4373
10373
10218
1294
2520
8231
6292
8847
8250
7470
8695
1447
6225
8393
3275
956
11468
5617
1242
3706
3440
5799
10070
282
4317
2248
3430
10192
4304
6895
9819
8145
866
2823
10209
10527
5229
9803
562
11603
2254
1661
8900
678
3974
2879
6979
2108
2682
1777
953
8493
219
7111
5193
11889
8864
4678
1179
7272
10735
7644
6929
3651
1466
377
600
82
11334
7149
987
9963
11015
10367
8818
3380
5800
328
11927
13
8966
9034
8025
8733
4732
6800
8233
11351
6169
9411
3474
5096
1197
11877
11526
10752
4259
9390
4883
10555
5608
10753
5396
2347
810
1803
3012
10404
1563
3447
7405
9571
9237
10608
10206
252
7223
3252
5308
10559
8718
1170
7631
5541
5167
6080
10205
2269
2496
507
6004
2030
3030
5115
6241
6568
5945
8850
4862
4811
9156
2
5799
3443
2665
1816
8877
7167
7761
6953
11588
2973
11553
8679
9303
3027
4952
9055
59
7244
3189
979
1985
9886
3317
3023
2053
3732
9018
394
7844
7165
11879
7707
10186
9103
11431
4085
5033
2329
4782
3265
3782
6021
2840
6679
4429
8582
1709
2328
6308
2723
7366
9066
6301
1279
9641
721
5574
2405
9807
5895
11610
4333
8071
8248
3354
621
2868
1020
9878
10655
10161
11025
11365
2539
2901
2101
5269
9937
722
3517
9564
11509
2967
11637
11213
8135
1269
9557
7430
11789
11934
315
11781
9232
4457
5995
2171
736
4338
4224
5401
581
3103
1005
7815
7331
10526
3157
7156
7977
7209
2627
8775
5494
3756
5255
7027
9160
4637
9006
8138
10946
137
5245
11464
6777
3504
905
4560
2716
6567
5877
2613
6750
4091
8297
7534
2786
10933
4940
8140
9345
11641
9886
6856
4730
3464
11061
9493
5079
1158
1938
6709
10903
10742
8958
8136
5374
5089
1766
7839
6165
8533
11664
1422
6239
3658
8921
1247
4890
3584
1581
195
3278
3908
11682
10244
2901
3121
9138
11127
8423
3348
2195
9581
1633
1448
10548
9672
721
3231
1270
9642
5664
9986
8452
10056
11196
2383
11889
10622
6785
4130
2221
3773
1188
7727
1347
11487
8412
9035
1138
2075
2413
4394
6182
7444
6034
8066
179
8428
6694
7375
3437
5397
9359
1872
2438
5992
1128
9135
3365
4655
4362
7614
2239
2268
9302
1661
5909
11517
5409
11480
1226
11975
3933
396
4415
8047
6431
3178
3053
4952
658
852
1215
3686
8280
9925
2281
1265
11960
10413
6408
10805
329
10170
6296
11622
8985
4370
3468
11553
5722
5341
333
1470
11594
5343
10258
1250
11613
6435
1273
1040
6089
5427
6079
4255
1358
4516
706
2343
3328
3118
6576
1429
1042
3257
4875
5695
705
9427
7004
7281
250
1342
2736
5893
10249
6407
1203
5808
11903
3376
3752
6425
7391
2896
3811
5222
6469
10128
8739
3087
2995
11478
6863
10963
3802
2398
5804
2185
4161
2820
1752
3823
9397
10047
1350
9310
3533
9735
5110
10655
2073
10711
2864
6326
11911
6542
11677
6460
8593
6639
7939
2156
6214
1864
3931
4051
6899
11055
6224
11402
8046
8264
1014
7583
10015
4100
11588
6511
10732
1156
5455
7793
10527
6587
9957
11116
6966
2353
10627
10056
1990
6212
9267
8674
7501
3784
1190
537
2739
271
5066
3685
2684
9444
4936
1479
11149
7473
7581
3931
3448
9729
3890
8971
4325
10144
2650
5789
895
9374
6055
2829
921
8818
10538
10229
3355
3099
4229
10344
9581
9474
6446
7198
62
635
4323
6793
5937
7659
3429
1351
10949
1507
8051
5744
8000
298
5731
10831
9239
1017
10174
8270
5661
8799
153
74
8805
2949
1580
7109
3413
11404
3921
2394
6857
6386
6715
7723
9505
7220
10705
10646
137
9549
7973
10022
9283
9565
5813
2662
5298
11845
8605
912
9765
4974
598
5828
5727
10089
1231
2868
4927
529
1543
11068
6385
2637
1956
10895
11120
6289
8628
6604
5366
8740
2333
4463
9441
7357
9827
3716
4996
8966
6326
7991
4647
10627
5044
6567
4156
1516
5186
4441
8736
6197
5891
5384
1897
302
8274
4281
1042
5831
8610
10445
11360
4268
7664
5136
5584
6318
4705
3503
352
6785
6686
4710
5622
5634
11592
9175
11025
7089
4121
9463
8394
8796
5497
8674
7750
3484
8793
271
7291
10328
10416
8702
10460
8903
208
1901
6755
7892
8292
5546
11034
5306
1992
8451
4679
3150
2149
25
1425
2332
4328
5875
5907
8298
5597
8783
10140
601
7725
5299
991
5353
2225
6562
9182
1724
11218
9994
7055
1875
5567
3769
10984
7668
586
11408
11788
2349
1664
8272
4114
3347
3458
10705
10094
7459
2628
18
3838
10153
10530
11882
6099
8319
1242
221
3002
11021
3498
9578
6310
9551
10695
5345
8412
2420
9015
6290
4219
11234
1868
8480
7429
7543
317
2549
7439
4811
1698
5999
9441
945
5515
2264
5706
6236
4094
9939
5987
6078
6540
10258
9310
10700
4495
11237
2283
2077
2338
8557
9222
7025
2429
7214
4865
3791
9931
5571
5098
7142
10858
4171
4248
1045
9886
10113
1559
5126
10258
10217
6286
7380
1516
2502
1289
1006
10092
11081
5704
10772
2369
11844
9667
7230
6984
4957
4696
9436
8194
1918
11443
6232
3184
9801
7321
10616
1453
72
6384
3839
7849
2914
7886
9555
8382
138
10685
4985
7985
10226
6152
8316
3910
2397
10917
621
10208
8241
11967
8037
11668
11179
2302
11781
3880
4109
9685
2910
9038
882
7304
3661
8439
2659
11288
2750
7542
4002
3437
1905
10130
7586
7775
2746
7527
570
11840
10082
9657
3567
8073
9612
4374
9550
10016
10834
11431
6363
11075
8653
4179
4483
6068
3379
4369
4270
10560
7578
103
6545
9965
283
2020
5664
6304
10002
6550
8512
6473
3010
8296
4825
460
1013
9276
2283
204
5985
5313
4920
6293
582
11889
2911
5670
10708
1194
9641
9434
5546
3623
6876
9234
313
4602
9133
512
4327
11432
6802
8050
7343
6497
1461
10969
4709
9562
11717
5462
9367
8329
7527
96
3631
10716
3306
3540
9206
151
2039
8601
5875
456
2535
10542
9936
4904
6190
8275
6141
4337
566
8753
1390
6614
5543
551
5791
2276
11073
1586
1785
4339
9516
1368
7020
3496
1415
2768
2588
1419
11645
1458
4280
6879
5109
2167
8133
7555
232
10124
4057
11205
9006
10873
11043
670
9809
10024
10696
6573
1475
148
5737
6612
10668
624
4928
10121
8379
3792
7465
7866
381
7768
7902
9409
8236
11616
11962
3007
10879
5760
2015
10872
5599
3582
2674
11914
10745
6385
8388
4555
1551
7472
5356
7327
8906
220
5680
3699
8490
5639
8803
5465
3517
1056
11144
7776
3438
8381
3316
5486
4981
9699
786
125
7469
532
9888
1264
1570
8341
6422
3313
969
5147
1767
5000
8778
1426
5376
5561
7288
8106
717
10555
7617
3806
3419
11217
10816
5122
8472
11527
1680
5992
2966
10890
8475
111
5839
11844
4849
1385
3363
3794
916
2696
412
8004
2896
10308
274
6481
10632
1611
10827
10837
1963
3333
10042
8008
8294
10531
4520
4219
11795
7620
5616
10161
10319
3012
9060
5464
7241
8929
430
7940
10741
3082
1105
9766
5921
10375
7405
10734
11167
5984
7360
2138
3873
2283
9738
9721
11939
11924
10730
5120
6562
2955
164
4424
6411
2565
10372
35
238
3440
9499
5689
1648
3320
4392
9603
5728
3086
11667
2019
1
571
7922
9278
8294
5569
4942
9431
6493
6794
7488
10570
10114
9008
10773
11297
7988
10504
9425
3734
10564
10347
4688
11558
2921
7427
10759
8398
7729
2766
11528
6117
10834
9170
5732
10710
6943
2878
5419
11832
1206
10456
6288
6731
2134
9992
6568
2001
3597
3968
6448
2343
9967
1830
2286
9791
3076
10976
8624
156
952
5499
3569
6568
10006
7800
6458
8885
206
4788
9381
1294
9299
5362
5532
3162
7074
3015
8320
4717
2812
5345
6566
5930
1748
8085
11228
5560
5892
10339
3529
8992
5978
4905
9490
3329
8880
11297
11704
10416
11161
1047
2399
10415
8375
2028
1034
744
6602
1088
11810
1927
10851
11711
3317
465
2902
7531
6011
1669
6446
8577
4692
4814
4058
7659
2446
8098
11205
1825
7554
11130
6596
701
6397
2285
4104
3866
3037
2155
10035
11976
2961
1012
2023
8751
867
1491
9946
8732
7698
7546
9766
10733
10775
7035
1373
1653
7145
4384
4217
4429
4956
9863
10385
2136
10564
9598
2152
8816
1336
4343
224
10002
1394
4008
9708
1571
11891
9537
3298
8318
8770
6923
11151
2715
4181
7322
7301
4029
6792
11534
11312
6616
2218
2796
8102
156
3864
4180
1852
1699
6817
10238
21
2291
11176
11542
3765
113
1320
6545
7700
10371
7122
10379
8527
2527
4913
7327
5240
3605
9679
3042
7053
6645
752
8636
3046
4863
6300
772
4712
9830
4379
10839
1495
6079
1048
4308
8712
6988
7304
10391
948
1599
1092
3408
3976
1549
10513
8863
2969
10001
5217
3983
4918
5018
1171
10476
9974
1907
11189
10178
7599
11724
9097
6643
5128
11754
8198
9525
8967
8616
6133
4870
8900
2088
11388
4396
7327
410
11064
9646
7437
5991
547
7784
5261
8890
5685
5423
9304
10316
11590
7138
10775
6827
9073
6152
4719
11911
5749
2700
11223
7257
1333
9330
11754
2288
4415
6837
11256
5496
7114
2302
4983
4425
11544
6147
8022
7242
11803
2681
5618
6880
6228
6264
2114
2551
9750
11146
9197
5547
6025
10511
476
3411
363
112
3401
8427
10129
4285
10454
6045
7723
11429
9275
2379
8037
1330
7767
252
329
10111
9575
10561
8738
4471
11957
2114
572
2668
2024
7913
6247
3440
5177
43
186
9395
4294
10510
7893
473
8895
476
8830
2263
7037
11651
4013
6666
2290
1190
1827
9109
6588
8419
11349
7829
1556
4289
4039
610
4931
10102
5523
2244
10163
2003
3400
335
803
11085
9327
3709
10453
6121
8585
11271
8545
11171
4277
7552
8269
3578
8462
8685
4212
4507
944
8548
3554
9225
4411
2241
10402
7814
7568
7007
11886
3041
9688
7481
2918
2012
3044
3613
5757
2072
7215
489
9324
479
2912
7366
10345
6638
2412
7037
3475
8733
9688
11802
10308
7597
11740
5628
5097
10925
9666
10133
7534
3304
11374
3365
7602
590
1080
8717
6970
5437
3988
6482
3330
10413
2675
7057
8333
8821
834
6201
5853
3645
6256
2089
6590
1953
2734
10471
5309
6110
2415
1690
6455
668
11598
6373
8844
8632
9326
5697
5394
10477
4828
1749
7557
11199
5009
821
10908
7395
7061
9364
11959
4366
1629
1446
2132
441
10709
6071
6881
8270
3704
7170
9004
5137
2460
11151
5143
10062
10731
11949
999
3963
1963
3111
6139
5769
9695
10981
10233
5293
7975
8802
9636
6085
3619
1894
5962
2857
8373
7647
1530
432
7139
10305
10514
10492
10620
4983
10967
7939
8722
4964
670
9307
1989
11483
1159
9536
5601
9079
7913
10245
6814
4472
2472
7414
9829
11963
10467
9893
8530
10612
8554
5145
11988
8170
7981
3823
6514
9648
2480
6476
11048
5404
7899
2208
11854
6277
5549
7864
9178
6398
11984
4481
5788
1577
2311
8468
3239
8186
2660
1762
10192
3433
2839
3421
5326
5363
6465
1856
3842
5262
11943
8124
432
10855
3073
11425
1259
2010
114
8581
10766
7053
11122
6932
3303
3850
2534
468
11982
9463
8465
10259
4147
6803
2948
9519
11958
335
5970
7266
8208
646
11679
1896
1295
11290
10518
8111
6142
13
11928
10074
4642
11578
5650
5074
8769
9102
11688
10889
1278
2053
7854
3148
4991
2341
6102
9860
1936
7505
11331
3433
736
8619
7772
4868
1640
2026
3996
4991
364
4115
3686
2316
7354
2359
4469
4335
2832
10377
7890
1416
10618
154
5119
7041
7448
10067
1008
3792
8094
7310
10233
841
10134
530
8738
10564
9824
3561
1336
11878
6585
4479
11485
7695
8377
3929
2911
10303
10838
4304
870
9573
5927
8617
3175
9414
9731
5298
6166
6246
8007
7898
10232
2263
6550
4654
7350
411
11322
7628
1037
2295
745
9189
35
7958
3652
2996
3092
4630
11961
118
4906
11508
8040
9029
2059
11599
7426
8661
7084
123
1133
10761
8964
5477
1412
5235
10011
9598
11323
3527
1057
10342
4929
1978
5819
6614
6974
5788
1431
11497
732
2703
8225
6568
11329
7459
11919
3153
3610
3888
4023
1635
6036
847
11008
297
2948
9046
5877
1536
5191
11502
406
7847
10179
3474
2281
4610
4492
4901
4910
3179
706
6192
10704
1622
9944
4984
1623
9886
6416
5080
1018
5137
6081
11072
177
1013
3322
7530
6121
22
8641
9332
11633
686
5812
11295
9905
11599
2833
5827
5659
11952
4657
11693
11801
113
6190
11510
8678
8940
4006
97
5881
6330
504
7664
8219
1151
9579
10819
11994
9172
3437
4335
11286
10223
5977
9079
1368
8241
210
2506
5475
1324
11596
8633
4322
11918
6538
3922
4417
4686
10305
4605
2200
10482
6076
3443
8354
699
9497
3094
5740
7886
2800
1394
5736
10975
2004
8238
65
5148
11634
1966
425
2547
11159
10600
2415
9697
11758
8000
5900
7320
5190
7427
3260
11724
11313
7101
8650
2235
8425
4055
1955
10199
9742
11216
9933
4689
5547
5463
11121
2403
6870
7170
3027
8697
9045
430
6562
10877
6334
11700
11915
2527
6135
1828
9832
8189
10460
6305
11158
7540
10911
3033
36
6755
9706
9343
3143
3352
11136
5798
1770
1242
11905
1660
11459
4499
7948
1440
10945
11895
2367
8226
6401
5941
10682
3766
11776
7993
961
2101
75
10267
1664
976
242
8872
841
8785
9051
4618
11064
11920
3282
8087
696
1806
6814
2899
7999
6034
8847
771
11444
3870
5492
11984
7185
11021
2217
819
2467
8651
11309
8163
3310
9776
1681
10072
10222
2587
8493
6747
9816
5224
8845
8140
10431
45
2216
4207
9298
8567
6545
10068
8546
3867
11750
4194
3202
10331
10118
6464
4743
3704
6592
3232
1135
10895
5670
1160
4414
5201
4064
7133
803
2882
4989
7214
473
3246
2085
9274
11369
5699
9481
3232
7789
4335
2492
1473
1103
11543
2491
756
5936
4272
3719
7686
6373
10014
1716
11819
220
135
9849
1189
11132
8947
4040
2192
8234
7587
920
776
2344
2538
3869
9912
7032
1740
4250
640
5790
4114
9708
5602
4099
7623
4263
1481
8022
9363
4063
342
11181
10769
2781
1512
2089
7534
5041
7719
8503
9281
11526
6062
2259
9569
7633
2547
8679
10568
8259
1491
11761
6978
11390
7711
10947
6321
6244
6109
4612
6529
2731
11997
3668
4739
3821
10457
4940
2888
5116
4103
516
156
1811
6686
4654
540
295
11331
7103
9589
10908
11823
10286
891
9748
5086
2997
7618
6978
10103
8501
7997
9597
4115
9206
6545
11376
11948
3051
8692
8846
9571
2132
8967
4675
11758
5821
1262
11525
10812
2148
7848
2153
4710
5560
2479
6802
2197
1884
910
8645
3018
9771
4954
7672
11469
9558
7726
3112
2453
6249
11207
6538
1744
9163
152
3417
5489
4356
10891
7438
2868
6073
3253
5486
11054
8979
10549
2461
1269
1693
3305
10512
1257
7948
5804
10240
3071
11577
912
10587
2376
8458
11540
9812
1922
1583
5378
3290
7034
4007
4008
11783
1533
3
9008
5871
5210
8514
7966
3768
2613
8188
5606
8456
4490
5787
2376
8730
7260
4578
2025
6411
730
273
11375
8081
5772
3457
7704
11626
7008
234
5880
6194
7755
8741
2989
4047
3518
11851
5920
5959
10247
10108
8411
913
5313
7707
5185
4681
1625
11478
7535
8572
11517
4228
9389
4931
8355
7304
8784
8941
3924
5010
7471
9557
8115
3332
384
4339
398
6033
9999
10798
3840
4833
5562
3535
9280
6066
3916
6673
6281
9401
7636
11060
3399
10406
8513
112
2971
517
5724
11431
11211
7681
3746
7027
11817
2819
11869
8127
7582
1816
4990
2962
7027
1296
537
1093
3708
9475
5084
1238
8322
4046
11053
10229
2123
8155
8128
5884
5511
1279
6642
4443
10970
9724
3012
8753
2593
9031
87
4343
9251
5476
5505
758
4150
7021
3370
10105
8490
6033
7622
6973
2102
10586
3310
2532
3773
11687
3933
6505
5692
2071
3876
878
8883
7911
746
11890
2286
6451
1924
10110
1967
4377
7789
3838
1722
3003
11810
1037
2621
10594
10460
10857
4345
8320
10859
3877
2897
4590
268
93
11918
10196
9543
9028
11532
3719
679
218
11237
7948
246
1466
11928
1755
3477
4303
9974
11774
181
11366
4041
7769
1461
7550
6497
4100
6552
7868
11451
6004
4002
6907
784
5432
1103
4289
10264
8798
10608
7981
346
2517
11907
2925
8881
1742
2893
3147
60
10364
10711
10215
2946
2266
7619
7360
9183
10219
3561
9804
11568
989
7570
6824
10327
6343
2672
1609
6412
3281
11704
7088
11808
6771
4989
7131
8782
10070
3818
3289
9345
3862
1276
5718
1468
3433
1338
2132
7690
2585
1233
8378
6787
685
4400
9478
3799
7142
477
3327
6362
613
2067
9254
8364
4682
10777
3946
2180
8663
4735
858
9880
10226
9847
6325
9547
6666
4206
8157
8372
3377
11046
74
9575
4072
11153
5243
7779
11544
10636
5768
11383
4156
10262
6323
8049
7293
3563
9020
1093
3445
6625
7092
5430
9812
4766
9
9508
6785
8020
8416
9490
3160
10011
10208
4850
5170
6921
875
336
7426
1904
5800
1656
9628
5556
6235
11205
8112
583
9815
5863
3316
5571
1418
10287
8735
4420
4470
4954
8626
10367
5023
2040
9233
7715
192
5432
10895
1003
9752
11762
3528
7804
6146
9296
8359
5793
2115
4057
1288
1793
4989
8252
8120
8154
10080
8854
600
988
1119
3777
6081
1572
7360
6649
865
3763
10509
2667
6243
11659
4328
